
$orca_hessian_file

$act_atom
  0

$act_coord
  0

$act_energy
  -238490567035783430438971327799202660845224201261067672167183100853359316203832654222830827044855288870993663427770645132476011925225952355295965369463515516934417872100274482991595520.000000

$hessian
12
                    0                  1                  2                  3                  4        
    0      6.1127612664E-01   1.2042185120E-01   6.2292474146E-02  -4.4405704189E-01   4.6217994510E-02
    1      1.2042185120E-01   3.5668696468E-01  -1.5650030407E-01  -4.2790919318E-03  -2.2702887765E-02
    2      6.2292474146E-02  -1.5650030407E-01   5.7827672359E-01  -2.2123210631E-03   1.8325621691E-02
    3     -4.4405704189E-01  -4.2790919318E-03  -2.2123210631E-03   4.7014854526E-01  -6.8350253550E-03
    4      4.6217994510E-02  -2.2702887765E-02   1.8325621691E-02  -6.8350253550E-03   2.8746810480E-02
    5      2.3909221940E-02   1.8319925473E-02  -4.8640160627E-02  -3.5368169273E-03  -1.5154295113E-02
    6     -8.3601227000E-02  -9.4531870522E-02   4.0447337718E-02  -1.3050554146E-02  -3.6326633530E-02
    7     -1.2732125443E-01  -3.0753655359E-01   1.9179420481E-01   7.6400920932E-03  -2.6506348900E-03
    8      4.1964599326E-02   1.4537667120E-01  -1.2426202465E-01  -1.1545096818E-03  -3.4567470018E-04
    9     -8.3601973509E-02  -2.1608971952E-02  -1.0052649930E-01  -1.3050697847E-02  -3.0526048642E-03
   10     -3.9317919529E-02  -2.6447742528E-02  -5.3621294045E-02   3.4744113374E-03  -3.3930887257E-03
   11     -1.2816467622E-01  -7.2004314667E-03  -4.0535701657E-01   6.9017579701E-03  -2.8234473822E-03
                    5                  6                  7                  8                  9        
    0      2.3909221940E-02  -8.3601227000E-02  -1.2732125443E-01   4.1964599326E-02  -8.3601973509E-02
    1      1.8319925473E-02  -9.4531870522E-02  -3.0753655359E-01   1.4537667120E-01  -2.1608971952E-02
    2     -4.8640160627E-02   4.0447337718E-02   1.9179420481E-01  -1.2426202465E-01  -1.0052649930E-01
    3     -3.5368169273E-03  -1.3050554146E-02   7.6400920932E-03  -1.1545096818E-03  -1.3050697847E-02
    4     -1.5154295113E-02  -3.6326633530E-02  -2.6506348900E-03  -3.4567470018E-04  -3.0526048642E-03
    5      5.0200115313E-02   2.1978716018E-02  -3.3450423963E-03  -1.1513436784E-03  -4.2349191146E-02
    6      2.1978716018E-02   9.3154394393E-02   1.1835953389E-01  -5.5188174776E-02   3.4943189486E-03
    7     -3.3450423963E-03   1.1835953389E-01   3.1146622920E-01  -1.7929554326E-01   1.3165130294E-03
    8     -1.1513436784E-03  -5.5188174776E-02  -1.7929554326E-01   1.4447197480E-01   1.4381054484E-02
    9     -4.2349191146E-02   3.4943189486E-03   1.3165130294E-03   1.4381054484E-02   9.3155284604E-02
   10      1.7982276810E-04   1.2498188424E-02  -1.2790948642E-03   3.4265761974E-02   2.3344787623E-02
   11     -4.1078614553E-04  -7.2348233552E-03  -9.1506792597E-03  -1.9064210256E-02   1.2849185087E-01
                   10                 11        
     0     -3.9317919529E-02  -1.2816467622E-01
     1     -2.6447742528E-02  -7.2004314667E-03
     2     -5.3621294045E-02  -4.0535701657E-01
     3      3.4744113374E-03   6.9017579701E-03
     4     -3.3930887257E-03  -2.8234473822E-03
     5      1.7982276810E-04  -4.1078614553E-04
     6      1.2498188424E-02  -7.2348233552E-03
     7     -1.2790948642E-03  -9.1506792597E-03
     8      3.4265761974E-02  -1.9064210256E-02
     9      2.3344787623E-02   1.2849185087E-01
    10      3.1120000377E-02   1.9174703774E-02
    11      1.9174703774E-02   4.2482227014E-01

$vibrational_frequencies
12
    0        0.000000
    1        0.000000
    2        0.000000
    3        0.000000
    4        0.000000
    5        0.000000
    6     1055.164249
    7     1664.767883
    8     1664.771927
    9     3530.438090
   10     3672.779720
   11     3672.796964

$normal_modes
12 12
                    0                  1                  2                  3                  4        
    0      0.0000000000E+00   0.0000000000E+00   0.0000000000E+00   0.0000000000E+00   0.0000000000E+00
    1      0.0000000000E+00   0.0000000000E+00   0.0000000000E+00   0.0000000000E+00   0.0000000000E+00
    2      0.0000000000E+00   0.0000000000E+00   0.0000000000E+00   0.0000000000E+00   0.0000000000E+00
    3      0.0000000000E+00   0.0000000000E+00   0.0000000000E+00   0.0000000000E+00   0.0000000000E+00
    4      0.0000000000E+00   0.0000000000E+00   0.0000000000E+00   0.0000000000E+00   0.0000000000E+00
    5      0.0000000000E+00   0.0000000000E+00   0.0000000000E+00   0.0000000000E+00   0.0000000000E+00
    6      0.0000000000E+00   0.0000000000E+00   0.0000000000E+00   0.0000000000E+00   0.0000000000E+00
    7      0.0000000000E+00   0.0000000000E+00   0.0000000000E+00   0.0000000000E+00   0.0000000000E+00
    8      0.0000000000E+00   0.0000000000E+00   0.0000000000E+00   0.0000000000E+00   0.0000000000E+00
    9      0.0000000000E+00   0.0000000000E+00   0.0000000000E+00   0.0000000000E+00   0.0000000000E+00
   10      0.0000000000E+00   0.0000000000E+00   0.0000000000E+00   0.0000000000E+00   0.0000000000E+00
   11      0.0000000000E+00   0.0000000000E+00   0.0000000000E+00   0.0000000000E+00   0.0000000000E+00
                    5                  6                  7                  8                  9        
    0      0.0000000000E+00  -3.8351643491E-02  -4.1505618964E-02  -4.7038586074E-02  -1.2907736827E-02
    1      0.0000000000E+00   9.6343286182E-02  -3.5957502874E-02   5.4550246843E-03   3.2429284630E-02
    2      0.0000000000E+00   4.9838151323E-02   3.7570637798E-02  -4.6742442385E-02   1.6772753232E-02
    3      0.0000000000E+00  -2.2198512131E-02  -3.3296810509E-02  -3.7732148827E-02   5.7674054112E-01
    4      0.0000000000E+00  -5.0900840289E-01   9.2143669743E-02  -4.2341794145E-01   1.2136803048E-02
    5      0.0000000000E+00  -2.6330711117E-01  -5.9402884861E-01   3.4719114344E-01   6.2749507389E-03
    6      0.0000000000E+00   2.7756228504E-01  -2.6959253969E-02   6.3862501328E-01  -1.9869463453E-01
    7      0.0000000000E+00  -3.3053773362E-01   1.3684951210E-01  -6.9594995532E-03  -4.4957619683E-01
    8      0.0000000000E+00  -3.7766084787E-01   2.9289756322E-01   3.8804817446E-01   3.0210508672E-01
    9      0.0000000000E+00   2.7756427310E-01   6.3701122800E-01   5.2747487868E-02  -1.9868214694E-01
   10      0.0000000000E+00  -4.9922411106E-01   2.7066628517E-01   3.5457532716E-01  -1.3192540547E-02
   11      0.0000000000E+00  -5.1574685383E-02  -2.2094403569E-01  -8.5714128933E-02  -5.4145142091E-01
                   10                 11        
     0     -7.4405469267E-02  -2.9804285703E-03
     1     -2.4817933960E-02   3.5324060910E-02
     2     -9.2785498573E-03  -7.0581649339E-02
     3      8.1224917678E-01   3.2518725197E-02
     4     -3.0877724702E-02   9.4598885938E-03
     5     -1.4925660864E-02  -2.1284612708E-02
     6      1.2004946004E-01  -2.2551064981E-01
     7      3.5537054133E-01  -5.6343449402E-01
     8     -2.2051365838E-01   3.2378109554E-01
     9      1.0162736321E-01   2.3440746329E-01
    10      2.0373057363E-02   6.3117342365E-02
    11      3.6437250164E-01   6.7829435278E-01

#
# The atoms: label  mass x y z (in bohrs)
#
$atoms
4
 N     14.00700     -4.623300903089    -5.230615725903     0.028961998118
 H      1.00800     -2.715418538902    -5.320752890913    -0.017669525794
 H      1.00800     -5.211395536944    -6.806831604800     0.934495524982
 H      1.00800     -5.211402056530    -5.402284944956    -1.780725695058

$actual_temperature
  0.000000

$frequency_scale_factor
  1.000000

$dipole_derivatives
12
   -3.7803952037E-01    3.9566284686E-02    2.0467145918E-02
    3.9550033764E-02   -4.6165982095E-01   -5.1394582978E-02
    2.0464838696E-02   -5.1411456645E-02   -3.8888814104E-01
    3.5408581419E-02    5.0151092677E-02    2.5942731625E-02
    6.4531042826E-02    2.1202320129E-01    3.5242506747E-02
    3.3221522569E-02    3.5216824379E-02    1.6223325102E-01
    1.7128575006E-01   -3.7645105632E-02   -3.7049943357E-02
   -4.7032698160E-02    4.5097759450E-02    7.1150740891E-02
   -3.6621540575E-02    5.7810238912E-02    1.9305070887E-01
    1.7128585692E-01   -5.1990962241E-02   -9.3178731545E-03
   -5.7088125098E-02    2.0456650074E-01   -5.4946423809E-02
   -1.7196548341E-02   -4.1732812412E-02    3.3664062841E-02

#
# The IR spectrum
#  wavenumber T**2 TX TY  TY
#
$ir_spectrum
12
      0.00       0.0000       0.0000       0.0000       0.0000
      0.00       0.0000       0.0000       0.0000       0.0000
      0.00       0.0000       0.0000       0.0000       0.0000
      0.00       0.0000       0.0000       0.0000       0.0000
      0.00       0.0000       0.0000       0.0000       0.0000
      0.00       0.0000       0.0000       0.0000       0.0000
   1055.16     127.1215       3.7594      -9.4407      -4.8848
   1664.77      13.4837       2.2912       1.9831      -2.0740
   1664.77      13.4587       2.5918      -0.3015       2.5788
   3530.44       3.4187      -0.6161       1.5485       0.8008
   3672.78       5.6953       2.2479       0.7507       0.2809
   3672.80       5.6930       0.0907      -1.0680       2.1317


$end

