
$orca_hessian_file

$act_atom
  0

$act_coord
  0

$act_energy
        0.000000

$hessian
12
                    0                  1                  2                  3                  4        
    0      8.7325806542E-01   2.2971465090E-09  -1.9189798930E-09  -5.1098290457E-01  -1.8208637866E-09
    1      2.2971465090E-09   8.7325805786E-01   2.7578294004E-09  -1.3387581715E-11  -7.1187361484E-02
    2     -1.9189798930E-09   2.7578294004E-09  -6.9272927216E-02   3.9204344353E-09   4.3901800754E-12
    3     -5.1098290457E-01  -1.3387581715E-11   3.9204344353E-09   5.2436180825E-01  -1.7017599521E-09
    4     -1.8208637866E-09  -7.1187361484E-02   4.3901800754E-12  -1.7017599521E-09   5.8514715837E-02
    5      2.0577716526E-09  -5.3331075147E-11   2.3089701476E-02  -4.8105480744E-09  -8.4174435263E-10
    6     -1.8113313051E-01   1.9043776463E-01  -8.9521939201E-10  -6.6918253528E-03   3.0126877505E-02
    7      1.9043804875E-01  -4.0103297302E-01   9.2356254498E-09  -7.5702758995E-03   6.3349653352E-03
    8      1.3566628516E-09   1.6331893066E-10   2.3089698794E-02   9.4279223463E-11   5.6079937849E-10
    9     -1.8113313333E-01  -1.9043776693E-01  -1.1053972005E-09  -6.6918224435E-03  -3.0126873986E-02
   10     -1.9043804924E-01  -4.0103297182E-01  -1.1997400978E-08   7.5702776587E-03   6.3349661431E-03
   11     -1.4922250032E-09  -2.8742951935E-09   2.3089699788E-02   8.0617187828E-10   2.7745835100E-10
                    5                  6                  7                  8                  9        
    0      2.0577716526E-09  -1.8113313051E-01   1.9043804875E-01   1.3566628516E-09  -1.8113313333E-01
    1     -5.3331075147E-11   1.9043776463E-01  -4.0103297302E-01   1.6331893066E-10  -1.9043776693E-01
    2      2.3089701476E-02  -8.9521939201E-10   9.2356254498E-09   2.3089698794E-02  -1.1053972005E-09
    3     -4.8105480744E-09  -6.6918253528E-03  -7.5702758995E-03   9.4279223463E-11  -6.6918224435E-03
    4     -8.4174435263E-10   3.0126877505E-02   6.3349653352E-03   5.6079937849E-10  -3.0126873986E-02
    5     -7.6966029881E-03   2.3441654392E-09   1.6390983672E-09  -7.6959119976E-03   4.1146131655E-10
    6      2.3441654392E-09   1.7497895599E-01  -2.0171354653E-01   4.5776966645E-09   1.2843923432E-02
    7      1.6390983672E-09  -2.0171354653E-01   4.0790102129E-01  -6.1606113346E-09   1.8849478391E-02
    8     -7.6959119976E-03   4.5776966645E-09  -6.1606113346E-09  -7.6966004043E-03  -6.0298519695E-09
    9      4.1146131655E-10   1.2843923432E-02   1.8849478391E-02  -6.0298519695E-09   1.7497895591E-01
   10     -7.4131976648E-10  -1.8849481504E-02  -1.3204032259E-02   5.4386416512E-09   2.0171354838E-01
   11     -7.6959107708E-03  -6.0350126900E-09  -4.7011677038E-09  -7.6959106730E-03   6.7185901479E-09
                   10                 11        
     0     -1.9043804924E-01  -1.4922250032E-09
     1     -4.0103297182E-01  -2.8742951935E-09
     2     -1.1997400978E-08   2.3089699788E-02
     3      7.5702776587E-03   8.0617187828E-10
     4      6.3349661431E-03   2.7745835100E-10
     5     -7.4131976648E-10  -7.6959107708E-03
     6     -1.8849481504E-02  -6.0350126900E-09
     7     -1.3204032259E-02  -4.7011677038E-09
     8      5.4386416512E-09  -7.6959106730E-03
     9      2.0171354838E-01   6.7185901479E-09
    10      4.0790101923E-01   7.2927080555E-09
    11      7.2927080555E-09  -7.6966026254E-03

$vibrational_frequencies
12
    0        0.000000
    1        0.000000
    2        0.000000
    3        0.000000
    4        0.000000
    5        0.000000
    6     -857.857260
    7     1587.723267
    8     1587.753506
    9     3684.731578
   10     3906.033881
   11     3906.039251

$normal_modes
12 12
                    0                  1                  2                  3                  4        
    0      0.0000000000E+00   0.0000000000E+00   0.0000000000E+00   0.0000000000E+00   0.0000000000E+00
    1      0.0000000000E+00   0.0000000000E+00   0.0000000000E+00   0.0000000000E+00   0.0000000000E+00
    2      0.0000000000E+00   0.0000000000E+00   0.0000000000E+00   0.0000000000E+00   0.0000000000E+00
    3      0.0000000000E+00   0.0000000000E+00   0.0000000000E+00   0.0000000000E+00   0.0000000000E+00
    4      0.0000000000E+00   0.0000000000E+00   0.0000000000E+00   0.0000000000E+00   0.0000000000E+00
    5      0.0000000000E+00   0.0000000000E+00   0.0000000000E+00   0.0000000000E+00   0.0000000000E+00
    6      0.0000000000E+00   0.0000000000E+00   0.0000000000E+00   0.0000000000E+00   0.0000000000E+00
    7      0.0000000000E+00   0.0000000000E+00   0.0000000000E+00   0.0000000000E+00   0.0000000000E+00
    8      0.0000000000E+00   0.0000000000E+00   0.0000000000E+00   0.0000000000E+00   0.0000000000E+00
    9      0.0000000000E+00   0.0000000000E+00   0.0000000000E+00   0.0000000000E+00   0.0000000000E+00
   10      0.0000000000E+00   0.0000000000E+00   0.0000000000E+00   0.0000000000E+00   0.0000000000E+00
   11      0.0000000000E+00   0.0000000000E+00   0.0000000000E+00   0.0000000000E+00   0.0000000000E+00
                    5                  6                  7                  8                  9        
    0      0.0000000000E+00  -2.4064579273E-09  -5.1220208207E-05   8.0634829426E-02   1.1026948442E-06
    1      0.0000000000E+00   4.1530733709E-10   8.0633808502E-02   5.1220038243E-05   1.7154426349E-09
    2      0.0000000000E+00  -1.2368820040E-01   3.3081575708E-10  -3.9204674748E-09   1.7715245331E-09
    3      0.0000000000E+00   3.7133783946E-09  -4.0850868612E-05   6.4303206013E-02   5.7733743145E-01
    4      0.0000000000E+00  -2.3480612999E-09  -8.1129283050E-01  -5.1534679426E-04  -2.0245088369E-09
    5      0.0000000000E+00   5.7291687472E-01  -1.5374867897E-09   2.6293012526E-08  -8.2054508688E-09
    6      0.0000000000E+00   1.4495655406E-08  -3.7877092946E-01  -5.9263651859E-01  -2.8867637203E-01
    7      0.0000000000E+00   2.1873850955E-08  -1.5434973013E-01  -3.7924028280E-01   5.0000668344E-01
    8      0.0000000000E+00   5.7291687167E-01   5.5140186403E-09   1.4097049364E-08  -8.2056792432E-09
    9      0.0000000000E+00   1.5230704480E-08   3.7952352780E-01  -5.9215483798E-01  -2.8867638229E-01
   10      0.0000000000E+00  -2.5296831193E-08  -1.5483140335E-01   3.7904388448E-01  -5.0000670525E-01
   11      0.0000000000E+00   5.7291687171E-01  -8.5734924749E-09   1.4088100729E-08  -8.2056795462E-09
                   10                 11        
     0      9.2876045633E-05   8.6187082581E-02
     1     -8.6188058904E-02   9.2876556020E-05
     2     -2.3433838506E-10   5.4798244503E-10
     3     -8.7644206190E-04  -8.1333137378E-01
     4     -1.4885027670E-02   1.6042922870E-05
     5      1.0948107118E-09   6.1553928655E-09
     6     -3.5883107826E-01  -1.9176852370E-01
     7      6.0665642516E-01   3.5796599681E-01
     8     -6.4482970627E-09  -6.8769194583E-09
     9      3.5841693027E-01  -1.9254143754E-01
    10      6.0588350437E-01  -3.5927263688E-01
    11      8.6098134933E-09  -6.8931461330E-09

#
# The atoms: label  mass x y z (in bohrs)
#
$atoms
4
 N     14.00700      0.000000002483    -0.000000000030     0.000000015343
 H      1.00800      1.878862787686     0.000000000059    -0.000000005114
 H      1.00800     -0.939431395042     1.627142900738    -0.000000005115
 H      1.00800     -0.939431395127    -1.627142900768    -0.000000005115

$actual_temperature
  0.000000

$frequency_scale_factor
  1.000000

$dipole_derivatives
12
   -4.2651318020E-01    1.1314563235E-08    4.1425775137E-10
    9.2389703316E-09   -4.2651311379E-01   -7.2175884807E-10
   -3.1619203501E-10   -3.9106549672E-11   -9.2043892969E-01
    1.6425451478E-01   -3.4681626502E-10    8.2339439078E-09
   -1.3895208097E-09    1.2001347183E-01   -3.1910497517E-11
    4.3883529394E-09    9.3368692368E-12    3.0681990940E-01
    1.3114212036E-01   -1.9107354947E-02   -4.5436407353E-09
   -1.9114855907E-02    1.5321498859E-01    7.6750282239E-09
   -2.1109833643E-09    4.2274854282E-09    3.0681990557E-01
    1.3114211919E-01    1.9107343766E-02   -4.0557533467E-09
    1.9114847762E-02    1.5321497481E-01   -6.9277395573E-09
   -1.9883896083E-09   -4.2033469265E-09    3.0681990971E-01

#
# The IR spectrum
#  wavenumber T**2 TX TY  TY
#
$ir_spectrum
12
      0.00       0.0000       0.0000       0.0000       0.0000
      0.00       0.0000       0.0000       0.0000       0.0000
      0.00       0.0000       0.0000       0.0000       0.0000
      0.00       0.0000       0.0000       0.0000       0.0000
      0.00       0.0000       0.0000       0.0000       0.0000
      0.00       0.0000       0.0000       0.0000       0.0000
   -857.86       0.0000       0.0000       0.0000       0.0000
   1587.72      24.1879       0.0031      -4.9181      -0.0000
   1587.75      24.2089      -4.9203      -0.0031       0.0000
   3684.73       0.0000      -0.0000       0.0000       0.0000
   3906.03      48.5174      -0.0075       6.9654       0.0000
   3906.04      48.5194      -6.9656      -0.0075      -0.0000


$end

