
$orca_hessian_file

$act_atom
  0

$act_coord
  0

$act_energy
       -0.000000

$hessian
12
                    0                  1                  2                  3                  4        
    0      6.4423520590E-01  -1.8143282980E-09   9.5386287683E-14  -3.7135870422E-01   2.3845530017E-09
    1     -1.8143282980E-09   6.4423611384E-01  -2.5618584498E-13   2.8645386701E-09  -5.8142286165E-02
    2      9.5386287683E-14  -2.5618584498E-13   2.0195138124E-02  -4.1477998839E-12  -1.3611316141E-14
    3     -3.7135870422E-01   2.8645386701E-09  -4.1477998839E-12   3.8386348740E-01  -2.4799485816E-09
    4      2.3845530017E-09  -5.8142286165E-02  -1.3611316141E-14  -2.4799485816E-09   4.7751140423E-02
    5     -1.2586357896E-11  -1.4717819636E-11  -6.7267665930E-03   1.2801825435E-11   2.6089848774E-12
    6     -1.3644165302E-01   1.3562910690E-01   1.9418778748E-12  -6.2504144748E-03   2.4559848590E-02
    7      1.3562962019E-01  -2.9305326624E-01  -3.4666533752E-12  -4.7364345584E-03   5.1968249191E-03
    8      1.4765803076E-11  -9.2364578760E-12  -6.7267418711E-03  -1.6232160248E-11   1.1803804364E-12
    9     -1.3644165682E-01  -1.3562910796E-01   2.1134497251E-12  -6.2504128640E-03  -2.4559848493E-02
   10     -1.3562962078E-01  -2.9305327478E-01   3.7353517671E-12   4.7364342098E-03   5.1968237839E-03
   11      2.7414876079E-11   4.5559567017E-11  -6.7267446015E-03  -5.1448107432E-12  -1.8644790277E-12
                    5                  6                  7                  8                  9        
    0     -1.2586357896E-11  -1.3644165302E-01   1.3562962019E-01   1.4765803076E-11  -1.3644165682E-01
    1     -1.4717819636E-11   1.3562910690E-01  -2.9305326624E-01  -9.2364578760E-12  -1.3562910796E-01
    2     -6.7267665930E-03   1.9418778748E-12  -3.4666533752E-12  -6.7267418711E-03   2.1134497251E-12
    3      1.2801825435E-11  -6.2504144748E-03  -4.7364345584E-03  -1.6232160248E-11  -6.2504128640E-03
    4      2.6089848774E-12   2.4559848590E-02   5.1968249191E-03   1.1803804364E-12  -2.4559848493E-02
    5      2.2426879501E-03  -1.8949323187E-12   1.1608891794E-11   2.2395581234E-03   1.6919427697E-12
    6     -1.8949323187E-12   1.3177552703E-01  -1.4554395084E-01  -8.3131571407E-13   1.0917966619E-02
    7      1.1608891794E-11  -1.4554395084E-01   2.9983442361E-01   3.8422840762E-12   1.4647939493E-02
    8      2.2395581234E-03  -8.3131571407E-13   3.8422840762E-12   2.2426778640E-03   2.2899766798E-12
    9      1.6919427697E-12   1.0917966619E-02   1.4647939493E-02   2.2899766798E-12   1.3177552923E-01
   10      4.9991783880E-13  -1.4647939611E-02  -1.1972877076E-02   4.2189855470E-12   1.4554395191E-01
   11      2.2395588287E-03   4.3730684222E-13  -4.5599241846E-12   2.2395442003E-03  -2.2715068115E-11
                   10                 11        
     0     -1.3562962078E-01   2.7414876079E-11
     1     -2.9305327478E-01   4.5559567017E-11
     2      3.7353517671E-12  -6.7267446015E-03
     3      4.7364342098E-03  -5.1448107432E-12
     4      5.1968237839E-03  -1.8644790277E-12
     5      4.9991783880E-13   2.2395588287E-03
     6     -1.4647939611E-02   4.3730684222E-13
     7     -1.1972877076E-02  -4.5599241846E-12
     8      4.2189855470E-12   2.2395442003E-03
     9      1.4554395191E-01  -2.2715068115E-11
    10      2.9983443325E-01  -3.9139231575E-11
    11     -3.9139231575E-11   2.2426798882E-03

$vibrational_frequencies
12
    0        0.000000
    1        0.000000
    2        0.000000
    3        0.000000
    4        0.000000
    5        0.000000
    6      469.715793
    7     1443.728175
    8     1443.772194
    9     3164.078214
   10     3361.305271
   11     3361.305724

$normal_modes
12 12
                    0                  1                  2                  3                  4        
    0      0.0000000000E+00   0.0000000000E+00   0.0000000000E+00   0.0000000000E+00   0.0000000000E+00
    1      0.0000000000E+00   0.0000000000E+00   0.0000000000E+00   0.0000000000E+00   0.0000000000E+00
    2      0.0000000000E+00   0.0000000000E+00   0.0000000000E+00   0.0000000000E+00   0.0000000000E+00
    3      0.0000000000E+00   0.0000000000E+00   0.0000000000E+00   0.0000000000E+00   0.0000000000E+00
    4      0.0000000000E+00   0.0000000000E+00   0.0000000000E+00   0.0000000000E+00   0.0000000000E+00
    5      0.0000000000E+00   0.0000000000E+00   0.0000000000E+00   0.0000000000E+00   0.0000000000E+00
    6      0.0000000000E+00   0.0000000000E+00   0.0000000000E+00   0.0000000000E+00   0.0000000000E+00
    7      0.0000000000E+00   0.0000000000E+00   0.0000000000E+00   0.0000000000E+00   0.0000000000E+00
    8      0.0000000000E+00   0.0000000000E+00   0.0000000000E+00   0.0000000000E+00   0.0000000000E+00
    9      0.0000000000E+00   0.0000000000E+00   0.0000000000E+00   0.0000000000E+00   0.0000000000E+00
   10      0.0000000000E+00   0.0000000000E+00   0.0000000000E+00   0.0000000000E+00   0.0000000000E+00
   11      0.0000000000E+00   0.0000000000E+00   0.0000000000E+00   0.0000000000E+00   0.0000000000E+00
                    5                  6                  7                  8                  9        
    0      0.0000000000E+00   1.6822993756E-12  -9.2263140318E-02  -1.2494934718E-05  -9.6889250554E-07
    1      0.0000000000E+00   1.0677731519E-12  -1.2495967833E-05   9.2262513684E-02  -6.6949449904E-09
    2      0.0000000000E+00   1.4384727368E-01  -2.7965431759E-12   2.3240053495E-12  -4.5912357590E-12
    3      0.0000000000E+00  -8.9441540846E-12  -7.6488272733E-02  -1.0368160627E-05   5.7735964094E-01
    4      0.0000000000E+00   1.5057558446E-11   1.0962156702E-04  -8.0940744153E-01  -5.7995158265E-09
    5      0.0000000000E+00  -5.7134565950E-01   1.1025392130E-11  -9.2307065394E-12   1.8235886105E-11
    6      0.0000000000E+00   1.1162317903E-11   5.8798486726E-01  -3.8352696506E-01  -2.8867407602E-01
    7      0.0000000000E+00   2.7195818921E-11   3.8362543381E-01  -1.4492937232E-01   4.9999525930E-01
    8      0.0000000000E+00  -5.7134582313E-01   1.1148643546E-11  -9.1595300260E-12   1.8235892607E-11
    9      0.0000000000E+00  -2.2263895762E-11   5.8788096337E-01   3.8368621880E-01  -2.8867401992E-01
   10      0.0000000000E+00  -5.4976614794E-11  -3.8358615749E-01  -1.4503327728E-01  -4.9999517372E-01
   11      0.0000000000E+00  -5.7134582313E-01   1.1148662822E-11  -9.3018549551E-12   1.8235892618E-11
                   10                 11        
     0     -1.0043119353E-01  -2.4058916866E-03
     1      2.4059041163E-03  -1.0043178708E-01
     2      4.7036763280E-12   3.6667631672E-12
     3      8.1200148669E-01   1.9451958016E-02
     4      3.4017711238E-04  -1.4200542383E-02
     5     -1.8771935204E-11  -1.4566125550E-11
     6      2.0092229696E-01  -3.5315111116E-01
     7     -3.7227149865E-01   5.9688593416E-01
     8     -1.8635914996E-11  -1.4640379061E-11
     9      1.8378163850E-01   3.6236697561E-01
    10      3.4326335096E-01   6.1402710285E-01
    11     -1.8639626364E-11  -1.4485452135E-11

#
# The atoms: label  mass x y z (in bohrs)
#
$atoms
4
 C     12.01100      0.000000327204    -0.000000000001     0.000000000000
 H      1.00800      2.028392274904     0.000000000000    -0.000000000000
 H      1.00800     -1.014195356191     1.756639090127    -0.000000000000
 H      1.00800     -1.014195356191    -1.756639090126    -0.000000000000

$actual_temperature
  0.000000

$frequency_scale_factor
  1.000000

$dipole_derivatives
12
    3.4834041406E-03    1.5050274291E-08    6.0484465686E-15
    1.4144679742E-08    3.4833143578E-03    5.1229749105E-16
    6.3575642249E-13    2.7460616931E-13   -4.1044979531E-01
   -3.8283227063E-02    7.0889222263E-09    2.5397405545E-13
    9.7129937716E-09    3.5979044382E-02   -8.0067031795E-17
   -1.6264591221E-10   -9.8346144805E-11    1.3672419057E-01
    1.7433345908E-02    3.2166291138E-02   -1.2824355885E-13
    3.2170839157E-02   -1.9708842161E-02    2.1870337867E-13
    6.9711697933E-11   -1.6275307141E-10    1.3672422304E-01
    1.7433328641E-02   -3.2166313557E-02   -1.2934544092E-13
   -3.2170863241E-02   -1.9708867857E-02   -2.1906893238E-13
    1.5035027097E-10    2.1423104491E-10    1.3672422795E-01

#
# The IR spectrum
#  wavenumber T**2 TX TY  TY
#
$ir_spectrum
12
      0.00       0.0000       0.0000       0.0000       0.0000
      0.00       0.0000       0.0000       0.0000       0.0000
      0.00       0.0000       0.0000       0.0000       0.0000
      0.00       0.0000       0.0000       0.0000       0.0000
      0.00       0.0000       0.0000       0.0000       0.0000
      0.00       0.0000       0.0000       0.0000       0.0000
    469.72      67.9127      -0.0000       0.0000      -8.2409
   1443.73       2.0209       1.4216       0.0002       0.0000
   1443.77       2.0189       0.0002      -1.4209      -0.0000
   3164.08       0.0000       0.0001       0.0000       0.0000
   3361.31       1.9874      -1.4093       0.0338      -0.0000
   3361.31       1.9868      -0.0338      -1.4091      -0.0000


$end

