
$orca_hessian_file

$act_atom
  0

$act_coord
  0

$act_energy
        0.000000

$hessian
18
                    0                  1                  2                  3                  4        
    0      6.0804389937E-01   2.0564803250E-06  -4.3318290585E-05  -3.4007262919E-01   2.4944050324E-05
    1      2.0564803250E-06   6.0804394684E-01  -6.9583258825E-05   2.3007720067E-05  -5.5010844052E-02
    2     -4.3318290585E-05  -6.9583258825E-05   1.1477259964E-01   5.8981175414E-02   8.7009168572E-08
    3     -3.4007262919E-01   2.3007720067E-05   5.8981175414E-02   3.5605342189E-01  -2.5728312331E-05
    4      2.4944050324E-05  -5.5010844052E-02   8.7009168572E-08  -2.5728312331E-05   4.6705228408E-02
    5      7.0759838606E-02  -2.2658929681E-06  -3.5952077902E-02  -6.6640559130E-02   2.4453945191E-06
    6     -1.2627692319E-01   1.2343380674E-01  -2.9487743608E-02  -7.4740102527E-03   2.4440811258E-02
    7      1.2343036259E-01  -2.6881169674E-01   5.1079949710E-02  -3.9230254377E-03   4.3670805642E-03
    8     -3.5374342018E-02   6.1281613160E-02  -3.5952361762E-02   4.3183909651E-03  -7.1098630903E-03
    9     -1.7204195478E-02  -1.5118551298E-06   1.1828456320E-05  -1.9434616361E-03   2.2231417516E-06
   10     -1.5153372642E-06  -1.7204130995E-02  -2.3155439978E-05   2.0241951749E-07  -2.4576933296E-04
   11      1.0702769136E-05   9.6152657711E-06   1.0036946758E-01  -5.7451043695E-04  -2.6016066782E-06
   12     -1.2630210696E-01  -1.2345738500E-01  -2.9458169986E-02  -7.4765104901E-03  -2.4442183882E-02
   13     -1.2345588262E-01  -2.6882098622E-01  -5.1010741348E-02   3.9255973844E-03   4.3714040651E-03
   14     -3.5342933944E-02  -6.1210340698E-02  -3.5918024381E-02   4.3177600505E-03   7.1092699864E-03
   15      1.8086777856E-03   2.5221430452E-08  -1.0902759648E-05   9.1132863317E-04  -6.5771187421E-08
   16      2.7784928105E-08   1.8086741341E-03   2.3419831050E-05  -1.4113847117E-09  -1.8621569638E-04
   17     -9.9486460985E-06  -9.0461395609E-06  -1.0729047796E-01  -4.0191452237E-04   6.6267504880E-07
                    5                  6                  7                  8                  9        
    0      7.0759838606E-02  -1.2627692319E-01   1.2343036259E-01  -3.5374342018E-02  -1.7204195478E-02
    1     -2.2658929681E-06   1.2343380674E-01  -2.6881169674E-01   6.1281613160E-02  -1.5118551298E-06
    2     -3.5952077902E-02  -2.9487743608E-02   5.1079949710E-02  -3.5952361762E-02   1.1828456320E-05
    3     -6.6640559130E-02  -7.4740102527E-03  -3.9230254377E-03   4.3183909651E-03  -1.9434616361E-03
    4      2.4453945191E-06   2.4440811258E-02   4.3670805642E-03  -7.1098630903E-03   2.2231417516E-06
    5      3.8677546109E-02  -8.3171352231E-03   1.8549184440E-04   4.9881492682E-03   1.2117378441E-02
    6     -8.3171352231E-03   1.2403988605E-01  -1.3395169278E-01   3.3317850743E-02  -6.7282419029E-04
    7      1.8549184440E-04  -1.3395169278E-01   2.7872041634E-01  -5.7713118154E-02   7.3377557909E-04
    8      4.9881492682E-03   3.3317850743E-02  -5.7713118154E-02   3.8675476452E-02  -6.0603179706E-03
    9      1.2117378441E-02  -6.7282419029E-04   7.3377557909E-04  -6.0603179706E-03   2.6665020837E-02
   10     -4.6669452683E-07   7.3803209584E-04  -1.5190030765E-03   1.0495559717E-02   8.2316445504E-07
   11     -1.6206660358E-02   2.8552830974E-04  -4.9887847090E-04  -1.6204380821E-02  -5.1489215635E-06
   12     -8.3102752363E-03   1.0295941165E-02   1.4181971922E-02   3.9944623758E-03  -6.7307711336E-04
   13     -1.8404789402E-04  -1.4182731482E-02  -1.3397200490E-02  -7.2892640367E-03  -7.3503231932E-04
   14      4.9857738502E-03   3.9986332563E-03   7.2938680640E-03   4.9859165697E-03  -6.0613047787E-03
   15      3.8991653195E-04   9.0815093960E-05  -4.7351215288E-04  -1.9411274157E-04  -6.1695851149E-03
   16     -1.1664964479E-06  -4.7685161544E-04   6.3806932371E-04   3.3577499796E-04  -2.7925909652E-07
   17      3.5052859358E-03   2.0269597319E-04  -3.4701632910E-04   3.5052193928E-03  -2.4393133527E-06
                   10                 11                 12                 13                 14        
    0     -1.5153372642E-06   1.0702769136E-05  -1.2630210696E-01  -1.2345588262E-01  -3.5342933944E-02
    1     -1.7204130995E-02   9.6152657711E-06  -1.2345738500E-01  -2.6882098622E-01  -6.1210340698E-02
    2     -2.3155439978E-05   1.0036946758E-01  -2.9458169986E-02  -5.1010741348E-02  -3.5918024381E-02
    3      2.0241951749E-07  -5.7451043695E-04  -7.4765104901E-03   3.9255973844E-03   4.3177600505E-03
    4     -2.4576933296E-04  -2.6016066782E-06  -2.4442183882E-02   4.3714040651E-03   7.1092699864E-03
    5     -4.6669452683E-07  -1.6206660358E-02  -8.3102752363E-03  -1.8404789402E-04   4.9857738502E-03
    6      7.3803209584E-04   2.8552830974E-04   1.0295941165E-02  -1.4182731482E-02   3.9986332563E-03
    7     -1.5190030765E-03  -4.9887847090E-04   1.4181971922E-02  -1.3397200490E-02   7.2938680640E-03
    8      1.0495559717E-02  -1.6204380821E-02   3.9944623758E-03  -7.2892640367E-03   4.9859165697E-03
    9      8.2316445504E-07  -5.1489215635E-06  -6.7307711336E-04  -7.3503231932E-04  -6.0613047787E-03
   10      2.6664979008E-02  -1.9814709259E-06  -7.3726331589E-04  -1.5217454356E-03  -1.0494536316E-02
   11     -1.9814709259E-06  -2.7272105324E-02   2.8609347464E-04   4.9451598474E-04  -1.6205391355E-02
   12     -7.3726331589E-04   2.8609347464E-04   1.2406762866E-01   1.3397662528E-01   3.3284532246E-02
   13     -1.5217454356E-03   4.9451598474E-04   1.3397662528E-01   2.7872815292E-01   5.7640137105E-02
   14     -1.0494536316E-02  -1.6205391355E-02   3.3284532246E-02   5.7640137105E-02   3.8644488284E-02
   15     -2.7697291603E-07  -1.6817656920E-06   9.1009097419E-05   4.7354481707E-04  -1.9475839802E-04
   16     -6.1695707146E-03  -5.9640320021E-07   4.7681493132E-04   6.3795952054E-04  -3.3910849577E-04
   17      2.4577387526E-05  -2.4522378192E-02   2.0318886086E-04   3.4910831264E-04   3.5052545792E-03
                   15                 16                 17        
     0      1.8086777856E-03   2.7784928105E-08  -9.9486460985E-06
     1      2.5221430452E-08   1.8086741341E-03  -9.0461395609E-06
     2     -1.0902759648E-05   2.3419831050E-05  -1.0729047796E-01
     3      9.1132863317E-04  -1.4113847117E-09  -4.0191452237E-04
     4     -6.5771187421E-08  -1.8621569638E-04   6.6267504880E-07
     5      3.8991653195E-04  -1.1664964479E-06   3.5052859358E-03
     6      9.0815093960E-05  -4.7685161544E-04   2.0269597319E-04
     7     -4.7351215288E-04   6.3806932371E-04  -3.4701632910E-04
     8     -1.9411274157E-04   3.3577499796E-04   3.5052193928E-03
     9     -6.1695851149E-03  -2.7925909652E-07  -2.4393133527E-06
    10     -2.7697291603E-07  -6.1695707146E-03   2.4577387526E-05
    11     -1.6817656920E-06  -5.9640320021E-07  -2.4522378192E-02
    12      9.1009097419E-05   4.7681493132E-04   2.0318886086E-04
    13      4.7354481707E-04   6.3795952054E-04   3.4910831264E-04
    14     -1.9475839802E-04  -3.3910849577E-04   3.5052545792E-03
    15      3.2652468847E-03   2.8695591749E-07   1.1541217533E-05
    16      2.8695591749E-07   3.2652268014E-03  -1.8318208580E-05
    17      1.1541217533E-05  -1.8318208580E-05   1.2131536596E-01

$vibrational_frequencies
18
    0        0.000000
    1        0.000000
    2        0.000000
    3        0.000000
    4        0.000000
    5        0.000000
    6    -1119.981217
    7      397.791922
    8      397.844326
    9      513.785401
   10      996.125080
   11      996.159722
   12     1240.039656
   13     1453.547761
   14     1453.568035
   15     3115.669929
   16     3289.384393
   17     3289.387042

$normal_modes
18 18
                    0                  1                  2                  3                  4        
    0      0.0000000000E+00   0.0000000000E+00   0.0000000000E+00   0.0000000000E+00   0.0000000000E+00
    1      0.0000000000E+00   0.0000000000E+00   0.0000000000E+00   0.0000000000E+00   0.0000000000E+00
    2      0.0000000000E+00   0.0000000000E+00   0.0000000000E+00   0.0000000000E+00   0.0000000000E+00
    3      0.0000000000E+00   0.0000000000E+00   0.0000000000E+00   0.0000000000E+00   0.0000000000E+00
    4      0.0000000000E+00   0.0000000000E+00   0.0000000000E+00   0.0000000000E+00   0.0000000000E+00
    5      0.0000000000E+00   0.0000000000E+00   0.0000000000E+00   0.0000000000E+00   0.0000000000E+00
    6      0.0000000000E+00   0.0000000000E+00   0.0000000000E+00   0.0000000000E+00   0.0000000000E+00
    7      0.0000000000E+00   0.0000000000E+00   0.0000000000E+00   0.0000000000E+00   0.0000000000E+00
    8      0.0000000000E+00   0.0000000000E+00   0.0000000000E+00   0.0000000000E+00   0.0000000000E+00
    9      0.0000000000E+00   0.0000000000E+00   0.0000000000E+00   0.0000000000E+00   0.0000000000E+00
   10      0.0000000000E+00   0.0000000000E+00   0.0000000000E+00   0.0000000000E+00   0.0000000000E+00
   11      0.0000000000E+00   0.0000000000E+00   0.0000000000E+00   0.0000000000E+00   0.0000000000E+00
   12      0.0000000000E+00   0.0000000000E+00   0.0000000000E+00   0.0000000000E+00   0.0000000000E+00
   13      0.0000000000E+00   0.0000000000E+00   0.0000000000E+00   0.0000000000E+00   0.0000000000E+00
   14      0.0000000000E+00   0.0000000000E+00   0.0000000000E+00   0.0000000000E+00   0.0000000000E+00
   15      0.0000000000E+00   0.0000000000E+00   0.0000000000E+00   0.0000000000E+00   0.0000000000E+00
   16      0.0000000000E+00   0.0000000000E+00   0.0000000000E+00   0.0000000000E+00   0.0000000000E+00
   17      0.0000000000E+00   0.0000000000E+00   0.0000000000E+00   0.0000000000E+00   0.0000000000E+00
                    5                  6                  7                  8                  9        
    0      0.0000000000E+00  -1.0842120029E-05  -2.3820338670E-02   2.5329394532E-02  -3.3801385982E-05
    1      0.0000000000E+00  -1.0740641088E-05   2.5329781488E-02   2.3819486700E-02   1.0459238866E-04
    2      0.0000000000E+00  -1.2871246352E-01   1.4410266052E-04   1.1842187856E-04  -3.2679479565E-01
    3      0.0000000000E+00   3.9774678237E-02   6.7964003477E-02  -7.2257222180E-02  -2.8697732741E-02
    4      0.0000000000E+00   2.5325678833E-05  -8.3900668008E-02  -7.8876581557E-02  -2.1077980140E-04
    5      0.0000000000E+00   1.3706289335E-01   4.4405034576E-01  -4.7174271383E-01  -5.0146109988E-01
    6      0.0000000000E+00  -1.9871937549E-02   7.1099151354E-02  -8.5814882703E-02   1.4271923588E-02
    7      0.0000000000E+00   3.4460335021E-02  -7.0435476690E-02  -7.5771336169E-02  -2.5012854354E-02
    8      0.0000000000E+00   1.3706147743E-01  -6.3042642864E-01  -1.4822853107E-01  -5.0262300325E-01
    9      0.0000000000E+00   9.3930701094E-05  -3.9604162105E-01   4.2115152374E-01  -7.4030347311E-05
   10      0.0000000000E+00  -1.6781880562E-05   4.2114951734E-01   3.9605766091E-01   6.9148500465E-04
   11      0.0000000000E+00   9.6036767847E-01   2.0531394669E-04   9.7911518632E-05  -3.3109015324E-01
   12      0.0000000000E+00  -1.9877247845E-02   8.1147536823E-02  -7.6095637905E-02   1.4302728355E-02
   13      0.0000000000E+00  -3.4406850974E-02  -7.9834533841E-02  -6.5566627082E-02   2.4635641833E-02
   14      0.0000000000E+00   1.3707775333E-01   1.8697528155E-01   6.2052097133E-01  -5.0048807895E-01
   15      0.0000000000E+00   2.7771335142E-07   1.3069237148E-02  -1.3897582967E-02   1.7055721139E-05
   16      0.0000000000E+00   1.8752086504E-06  -1.3897573547E-02  -1.3069295004E-02  -3.8377000651E-05
   17      0.0000000000E+00   4.6095686790E-03  -7.1693954553E-05  -5.8533388854E-05   1.6290525272E-01
                   10                 11                 12                 13                 14        
    0      5.5307638642E-02   4.5003940563E-02  -1.0674959355E-05  -2.5438578122E-02   7.8334814927E-02
    1     -4.5000718813E-02   5.5301032016E-02  -2.3910148185E-05  -7.8343925707E-02  -2.5439514824E-02
    2     -1.8099127713E-05   9.7295355654E-06  -1.3382940109E-01   1.4438243238E-05   1.4271365998E-06
    3     -2.4747591119E-02  -2.0118726941E-02   1.2226770347E-01  -3.2791143388E-02   1.0112715664E-01
    4      4.4119136365E-02  -5.4346187087E-02   7.8293791712E-05   7.4786027335E-01   2.4282820153E-01
    5     -3.4716881083E-01  -2.8229678279E-01   4.9657025003E-01  -5.5212920050E-02   1.6969712601E-01
    6     -3.6468134592E-02  -5.1006661438E-02  -6.1068260124E-02   5.4151145615E-01  -4.1628445867E-01
    7      1.3352196750E-02  -4.2558590808E-02   1.0591986534E-01   2.3045786470E-01  -3.3153220831E-01
    8      4.1803599447E-01  -1.5928927263E-01   4.9658156309E-01  -1.1949785553E-01  -1.3251695083E-01
    9     -6.4228578983E-01  -5.2263498384E-01  -4.0969606268E-05  -1.0351729908E-02   3.1910825530E-02
   10      5.2264066566E-01  -6.4227605506E-01   1.6431138630E-04  -3.1823529688E-02  -1.0344692369E-02
   11      7.9298685753E-05   2.3626993075E-05  -4.4415946739E-01   2.3217894324E-06   1.7356785469E-07
   12     -5.7383976314E-02  -2.5368500692E-02  -6.1087341173E-02  -1.9369605988E-01  -6.5494552863E-01
   13      3.8981732937E-02  -2.1612340321E-02  -1.0575933307E-01  -8.1769378505E-03   4.0373284626E-01
   14     -7.1118444512E-02   4.4191657770E-01   4.9656679056E-01   1.7454578166E-01  -3.7159757615E-02
   15      2.8960180536E-03   2.3563471017E-03   1.5940911532E-06  -4.4203349405E-05   1.3590046184E-04
   16     -2.3564394525E-03   2.8956314874E-03  -3.3615703469E-06  -1.3638677159E-04  -4.4216504442E-05
   17      1.1020971720E-05  -1.3365411089E-05   1.5612256428E-02  -2.6638746104E-07  -1.0689417163E-06
                   15                 16                 17        
     0      2.0716601023E-07   9.2044226670E-02  -3.3471067106E-02
     1     -2.8392166806E-06  -3.3470390983E-02  -9.2042423836E-02
     2     -2.6415893663E-02  -2.2193491594E-06   1.5444894825E-05
     3     -5.6725325250E-01  -7.4721308402E-01   2.7166601022E-01
     4      4.5207904021E-05  -4.0999115488E-03  -1.1467465303E-02
     5      1.0611603696E-01   1.5696958447E-01  -5.7067561663E-02
     6      2.8360524814E-01  -2.9767690558E-01  -2.6369860122E-01
     7     -4.9122643270E-01   5.3125420207E-01   4.3811478172E-01
     8      1.0610728917E-01  -1.2791410696E-01  -1.0739907576E-01
     9     -1.9718158511E-06   8.9212727750E-03  -3.2429308642E-03
    10      2.9947620743E-06  -3.2462205270E-03  -8.9236551811E-03
    11     -1.7207015216E-02  -3.6074185644E-07   1.7423682607E-06
    12      2.8364563670E-01  -5.8808898864E-02   3.9338194233E-01
    13      4.9121513312E-01  -1.2581001459E-01   6.7703296567E-01
    14      1.0596151061E-01  -2.9027185174E-02   1.6428034713E-01
    15      5.3195023461E-08  -5.6620594143E-05   2.0582607383E-05
    16     -8.7340379571E-08   2.0591381372E-05   5.6606571284E-05
    17      3.9194580659E-04  -4.2265768569E-08   1.4545147767E-08

#
# The atoms: label  mass x y z (in bohrs)
#
$atoms
6
 C     12.01100      0.000103345941    -0.000010574533     3.658538850519
 H      1.00800     -1.997505798121     0.000152606514     4.073745808547
 H      1.00800      0.998875984640    -1.730012485502     4.073733813201
 H      1.00800     -0.000121077627    -0.000372914445     1.126383945214
 H      1.00800      0.999048219536     1.730011443718     4.073233281095
 Cl    35.45300     -0.000396894917     0.000231924248    -1.615159933068

$actual_temperature
  0.000000

$frequency_scale_factor
  1.000000

$dipole_derivatives
18
    1.8425221406E-02   -5.5070466352E-06    4.9906856634E-05
   -5.4945647007E-06    1.8425669844E-02    5.4208177348E-05
    5.5104799944E-05   -6.6675438791E-05    5.8532121261E-01
    1.2407041036E-02    5.2077025667E-06   -1.5309795829E-02
    9.2917523679E-06    6.9670431419E-02   -1.1629030025E-05
    2.1360095041E-02    1.1567628736E-05   -3.1556560988E-02
    5.5473920879E-02    2.4754656389E-02    7.7517431726E-03
    2.4813254910E-02    2.6734437673E-02   -1.3265267669E-02
   -1.0695982779E-02    1.8523613919E-02   -3.1553166760E-02
    8.9033036624E-02   -1.6073221518E-06   -2.6672767072E-05
   -1.6057088926E-06    8.9033248610E-02   -2.4071929270E-05
   -2.6092926395E-05    2.1044820661E-05   -1.8489260585E-01
    5.5466999134E-02   -2.4752825463E-02    7.7534821611E-03
   -2.4815526840E-02    2.6730488888E-02    1.3245182088E-02
   -1.0686468391E-02   -1.8477516556E-02   -3.1556977943E-02
   -2.3078282855E-01   -1.0963986134E-07   -1.1665666286E-05
   -1.0995611473E-07   -2.3078306129E-01    2.8586264749E-06
   -6.7327203258E-06   -1.1972724906E-05   -3.0651230305E-01

#
# The IR spectrum
#  wavenumber T**2 TX TY  TY
#
$ir_spectrum
18
      0.00       0.0000       0.0000       0.0000       0.0000
      0.00       0.0000       0.0000       0.0000       0.0000
      0.00       0.0000       0.0000       0.0000       0.0000
      0.00       0.0000       0.0000       0.0000       0.0000
      0.00       0.0000       0.0000       0.0000       0.0000
      0.00       0.0000       0.0000       0.0000       0.0000
  -1119.98       0.0000       0.0000       0.0000       0.0000
    397.79       0.4506      -0.4596       0.4893       0.0020
    397.84       0.4506       0.4887       0.4602       0.0007
    513.79       5.4182      -0.0002      -0.0002      -2.3277
    996.13       8.3597      -2.2428       1.8247      -0.0007
    996.16       8.3578      -1.8249      -2.2422       0.0007
   1240.04       2.3108      -0.0005       0.0015      -1.5201
   1453.55       4.4123       0.6503       1.9973       0.0010
   1453.57       4.4286      -2.0020       0.6484      -0.0033
   3115.67       0.0129       0.0015       0.0002       0.1135
   3289.38       0.0269      -0.1541       0.0561      -0.0011
   3289.39       0.0270       0.0561       0.1544       0.0003


$end

