
$orca_hessian_file

$act_atom
  0

$act_coord
  0

$act_energy
  7199897778330633276887036904805821582725711794644056879729720737597317277030384236037437498055462566150175995082518521812436290186796719104710956979263181525106652135465416174423163423261343277383123278632819606850902730752816591876211670797918378834244297048186496317232417704180187136.000000

$hessian
15
                    0                  1                  2                  3                  4        
    0      5.6308718649E-01  -5.6253752887E-09  -8.2071617467E-09  -1.4077062443E-01  -9.4474800524E-02
    1     -5.6253752887E-09   5.6308719282E-01  -8.1795550900E-09  -9.4474803956E-02  -1.4077063829E-01
    2     -8.2071617467E-09  -8.1795550900E-09   5.6308718450E-01   9.4474802122E-02   9.4474817930E-02
    3     -1.4077062443E-01  -9.4474803956E-02   9.4474802122E-02   1.4886435450E-01   1.0294536564E-01
    4     -9.4474800524E-02  -1.4077063829E-01   9.4474817930E-02   1.0294536564E-01   1.4886436141E-01
    5      9.4474794588E-02   9.4474808651E-02  -1.4077064816E-01  -1.0294535671E-01  -1.0294536257E-01
    6     -1.4077064575E-01   9.4474806004E-02   9.4474787845E-02  -1.0527130833E-02   1.2232588800E-02
    7      9.4474827625E-02  -1.4077064821E-01  -9.4474802656E-02  -1.2232591497E-02   1.2959379127E-02
    8      9.4474816796E-02  -9.4474809324E-02  -1.4077063842E-01   8.4713330556E-03  -1.2232589948E-02
    9     -1.4077062029E-01   9.4474788549E-02  -9.4474788248E-02   1.2959376603E-02  -1.2232593893E-02
   10      9.4474791969E-02  -1.4077062117E-01   9.4474779499E-02   1.2232588616E-02  -1.0527129044E-02
   11     -9.4474794903E-02   9.4474784295E-02  -1.4077061317E-01  -1.2232586286E-02   8.4713298578E-03
   12     -1.4077064730E-01  -9.4474784986E-02  -9.4474793535E-02  -1.0527138061E-02  -8.4713371845E-03
   13     -9.4474813458E-02  -1.4077063644E-01  -9.4474786590E-02  -8.4713359599E-03  -1.0527135419E-02
   14     -9.4474808294E-02  -9.4474775445E-02  -1.4077063604E-01   1.2232584907E-02   1.2232581816E-02
                    5                  6                  7                  8                  9        
    0      9.4474794588E-02  -1.4077064575E-01   9.4474827625E-02   9.4474816796E-02  -1.4077062029E-01
    1      9.4474808651E-02   9.4474806004E-02  -1.4077064821E-01  -9.4474809324E-02   9.4474788549E-02
    2     -1.4077064816E-01   9.4474787845E-02  -9.4474802656E-02  -1.4077063842E-01  -9.4474788248E-02
    3     -1.0294535671E-01  -1.0527130833E-02  -1.2232591497E-02   8.4713330556E-03   1.2959376603E-02
    4     -1.0294536257E-01   1.2232588800E-02   1.2959379127E-02  -1.2232589948E-02  -1.2232593893E-02
    5      1.4886436116E-01   8.4713324625E-03   1.2232592706E-02  -1.0527126702E-02   1.2232593621E-02
    6      8.4713324625E-03   1.4886436386E-01  -1.0294537226E-01  -1.0294536242E-01  -1.0527134875E-02
    7      1.2232592706E-02  -1.0294537226E-01   1.4886437609E-01   1.0294536770E-01   8.4713331207E-03
    8     -1.0527126702E-02  -1.0294536242E-01   1.0294536770E-01   1.4886436577E-01  -1.2232588691E-02
    9      1.2232593621E-02  -1.0527134875E-02   8.4713331207E-03  -1.2232588691E-02   1.4886434614E-01
   10      8.4713310022E-03   8.4713325539E-03  -1.0527132204E-02   1.2232592925E-02  -1.0294534230E-01
   11     -1.0527132547E-02   1.2232596908E-02  -1.2232595494E-02   1.2959377077E-02   1.0294533952E-01
   12     -1.2232586798E-02   1.2959385452E-02   1.2232580099E-02   1.2232578354E-02  -1.0527129796E-02
   13     -1.2232592631E-02  -1.2232577933E-02  -1.0527137016E-02  -8.4713385166E-03   1.2232591618E-02
   14      1.2959384102E-02  -1.2232577626E-02  -8.4713394153E-03  -1.0527139932E-02  -8.4713333591E-03
                   10                 11                 12                 13                 14        
    0      9.4474791969E-02  -9.4474794903E-02  -1.4077064730E-01  -9.4474813458E-02  -9.4474808294E-02
    1     -1.4077062117E-01   9.4474784295E-02  -9.4474784986E-02  -1.4077063644E-01  -9.4474775445E-02
    2      9.4474779499E-02  -1.4077061317E-01  -9.4474793535E-02  -9.4474786590E-02  -1.4077063604E-01
    3      1.2232588616E-02  -1.2232586286E-02  -1.0527138061E-02  -8.4713359599E-03   1.2232584907E-02
    4     -1.0527129044E-02   8.4713298578E-03  -8.4713371845E-03  -1.0527135419E-02   1.2232581816E-02
    5      8.4713310022E-03  -1.0527132547E-02  -1.2232586798E-02  -1.2232592631E-02   1.2959384102E-02
    6      8.4713325539E-03   1.2232596908E-02   1.2959385452E-02  -1.2232577933E-02  -1.2232577626E-02
    7     -1.0527132204E-02  -1.2232595494E-02   1.2232580099E-02  -1.0527137016E-02  -8.4713394153E-03
    8      1.2232592925E-02   1.2959377077E-02   1.2232578354E-02  -8.4713385166E-03  -1.0527139932E-02
    9     -1.0294534230E-01   1.0294533952E-01  -1.0527129796E-02   1.2232591618E-02  -8.4713333591E-03
   10      1.4886434185E-01  -1.0294533254E-01  -1.2232593671E-02   1.2959378430E-02  -1.2232593720E-02
   11     -1.0294533254E-01   1.4886434176E-01  -8.4713323959E-03   1.2232590976E-02  -1.0527135334E-02
   12     -1.2232593671E-02  -8.4713323959E-03   1.4886436758E-01   1.0294535866E-01   1.0294535729E-01
   13      1.2959378430E-02   1.2232590976E-02   1.0294535866E-01   1.4886436830E-01   1.0294534968E-01
   14     -1.2232593720E-02  -1.0527135334E-02   1.0294535729E-01   1.0294534968E-01   1.4886436506E-01

$vibrational_frequencies
15
    0        0.000000
    1        0.000000
    2        0.000000
    3        0.000000
    4        0.000000
    5        0.000000
    6     1353.791822
    7     1353.791926
    8     1353.792014
    9     1585.752418
   10     1585.752544
   11     3058.207795
   12     3196.988817
   13     3196.988855
   14     3196.989036

$normal_modes
15 15
                    0                  1                  2                  3                  4        
    0      0.0000000000E+00   0.0000000000E+00   0.0000000000E+00   0.0000000000E+00   0.0000000000E+00
    1      0.0000000000E+00   0.0000000000E+00   0.0000000000E+00   0.0000000000E+00   0.0000000000E+00
    2      0.0000000000E+00   0.0000000000E+00   0.0000000000E+00   0.0000000000E+00   0.0000000000E+00
    3      0.0000000000E+00   0.0000000000E+00   0.0000000000E+00   0.0000000000E+00   0.0000000000E+00
    4      0.0000000000E+00   0.0000000000E+00   0.0000000000E+00   0.0000000000E+00   0.0000000000E+00
    5      0.0000000000E+00   0.0000000000E+00   0.0000000000E+00   0.0000000000E+00   0.0000000000E+00
    6      0.0000000000E+00   0.0000000000E+00   0.0000000000E+00   0.0000000000E+00   0.0000000000E+00
    7      0.0000000000E+00   0.0000000000E+00   0.0000000000E+00   0.0000000000E+00   0.0000000000E+00
    8      0.0000000000E+00   0.0000000000E+00   0.0000000000E+00   0.0000000000E+00   0.0000000000E+00
    9      0.0000000000E+00   0.0000000000E+00   0.0000000000E+00   0.0000000000E+00   0.0000000000E+00
   10      0.0000000000E+00   0.0000000000E+00   0.0000000000E+00   0.0000000000E+00   0.0000000000E+00
   11      0.0000000000E+00   0.0000000000E+00   0.0000000000E+00   0.0000000000E+00   0.0000000000E+00
   12      0.0000000000E+00   0.0000000000E+00   0.0000000000E+00   0.0000000000E+00   0.0000000000E+00
   13      0.0000000000E+00   0.0000000000E+00   0.0000000000E+00   0.0000000000E+00   0.0000000000E+00
   14      0.0000000000E+00   0.0000000000E+00   0.0000000000E+00   0.0000000000E+00   0.0000000000E+00
                    5                  6                  7                  8                  9        
    0      0.0000000000E+00   1.2179482674E-01   1.9334304692E-02   1.8973735166E-02   9.4225872217E-10
    1      0.0000000000E+00  -1.3271429799E-02   1.1877364199E-01  -3.5839759435E-02   1.3664879224E-08
    2      0.0000000000E+00  -2.3615401898E-02   3.2966711669E-02   1.1799706323E-01   2.2816880630E-09
    3      0.0000000000E+00  -3.4355539105E-01   1.0218581838E-01  -3.4298079120E-01  -4.0400969840E-01
    4      0.0000000000E+00   3.1030293313E-01  -3.7920206717E-01  -7.7627593470E-02   2.5281932660E-01
    5      0.0000000000E+00  -1.3173303997E-01  -3.5537611076E-01  -3.2009737114E-01  -1.5119036856E-01
    6      0.0000000000E+00  -2.9412991928E-01  -3.4015109587E-01  -2.0950632497E-01   4.0400967904E-01
    7      0.0000000000E+00  -2.3123385262E-01  -3.2843224488E-01   2.9115511046E-01   2.5281934247E-01
    8      0.0000000000E+00  -1.8115857193E-01   8.6960992707E-02  -4.5357191878E-01   1.5119035716E-01
    9      0.0000000000E+00  -3.8207837283E-01  -2.1737639434E-01   2.2993836193E-01  -4.0400972065E-01
   10      0.0000000000E+00  -1.4328546207E-01  -4.5120660336E-01  -1.4828963990E-01  -2.5281942170E-01
   11      0.0000000000E+00   3.2185523207E-01  -2.8337104227E-01  -2.4943546966E-01   1.5119031897E-01
   12      0.0000000000E+00  -4.3150384058E-01   2.2496038844E-01   9.6463899994E-02   4.0400972878E-01
   13      0.0000000000E+00   2.2235442057E-01  -2.5642715394E-01   3.6181703419E-01  -2.5281941020E-01
   14      0.0000000000E+00   2.7242982446E-01   1.5896555133E-01  -3.8290985006E-01  -1.5119033475E-01
                   10                 11                 12                 13                 14        
    0     -6.4242017366E-09   9.7144147479E-08   4.2909940209E-02   3.1933049454E-02  -7.5149459042E-02
    1      4.1593236661E-08  -6.1258714080E-08  -4.9839006549E-02   7.7488856739E-02   4.4693188135E-03
    2      2.9393933934E-09   4.8199993674E-08   6.4677930426E-02   3.8525074417E-02   5.3301101179E-02
    3      5.8675639574E-02  -2.8867506399E-01   2.3664399161E-01  -2.1913452146E-01   3.7927905474E-01
    4      3.2054477039E-01  -2.8867510415E-01   2.1774694213E-01  -2.0985279197E-01   3.9550094643E-01
    5      3.7922037004E-01   2.8867508361E-01  -2.1472357487E-01   2.3348998991E-01  -3.8373056215E-01
    6     -5.8675599155E-02   2.8867479890E-01  -8.0598296343E-02   2.7410730358E-01   4.0772809853E-01
    7      3.2054477384E-01  -2.8867479940E-01   7.9186538456E-02  -2.5181321901E-01  -4.2212880328E-01
    8     -3.7922038189E-01  -2.8867475235E-01   1.0251872235E-01  -2.5975184702E-01  -4.1217957342E-01
    9      5.8675488360E-02  -2.8867579776E-01  -4.9229366119E-01   2.8882619894E-02   6.8448816317E-02
   10     -3.2054501602E-01   2.8867578279E-01   4.9088188783E-01  -6.5885138910E-03  -8.2849517795E-02
   11     -3.7922053662E-01  -2.8867579087E-01  -4.8785852676E-01   3.0225721357E-02   9.4619937830E-02
   12     -5.8675452230E-02   2.8867490532E-01  -1.7505291885E-01  -4.6435922840E-01   4.0000530969E-02
   13     -3.2054502382E-01   2.8867485070E-01  -1.9394998383E-01  -4.5507747740E-01   5.6222425968E-02
   14      3.7922051345E-01   2.8867488528E-01  -1.7061779369E-01  -4.6301611506E-01   6.6171620109E-02

#
# The atoms: label  mass x y z (in bohrs)
#
$atoms
5
 C     12.01100     -0.000000000083    -0.000000000011    -0.000000000053
 H      1.00800     -1.183173073911    -1.183173073871     1.183173073999
 H      1.00800      1.183173074083    -1.183173074059    -1.183173074029
 H      1.00800     -1.183173074051     1.183173074007    -1.183173073982
 H      1.00800      1.183173073963     1.183173073934     1.183173074066

$actual_temperature
  0.000000

$frequency_scale_factor
  1.000000

$dipole_derivatives
15
   -1.4228142925E-02    7.5797299491E-09    3.2493186834E-09
    8.9583672128E-09   -1.4228135826E-02    1.6490852048E-09
    4.6052936981E-09    9.4123786828E-09   -1.4228132159E-02
    3.5787643340E-03   -5.8586918305E-02    5.8586910479E-02
   -5.8586924334E-02    3.5787963095E-03    5.8586889755E-02
    5.8586907762E-02    5.8586883265E-02    3.5788205295E-03
    3.5787995412E-03    5.8586895574E-02    5.8586929543E-02
    5.8586899278E-02    3.5788000685E-03   -5.8586916720E-02
    5.8586918780E-02   -5.8586902172E-02    3.5787715862E-03
    3.5787500945E-03    5.8586910742E-02   -5.8586939219E-02
    5.8586918333E-02    3.5787468371E-03    5.8586951631E-02
   -5.8586925971E-02    5.8586928360E-02    3.5787335446E-03
    3.5788143426E-03   -5.8586895907E-02   -5.8586904611E-02
   -5.8586902525E-02    3.5787779056E-03   -5.8586926220E-02
   -5.8586905550E-02   -5.8586918948E-02    3.5787917746E-03

#
# The IR spectrum
#  wavenumber T**2 TX TY  TY
#
$ir_spectrum
15
      0.00       0.0000       0.0000       0.0000       0.0000
      0.00       0.0000       0.0000       0.0000       0.0000
      0.00       0.0000       0.0000       0.0000       0.0000
      0.00       0.0000       0.0000       0.0000       0.0000
      0.00       0.0000       0.0000       0.0000       0.0000
      0.00       0.0000       0.0000       0.0000       0.0000
   1353.79      11.1220      -3.2554       0.3547       0.6312
   1353.79      11.1220      -0.5168      -3.1747      -0.8812
   1353.79      11.1220      -0.5071       0.9580      -3.1539
   1585.75       0.0000       0.0000       0.0000      -0.0000
   1585.75       0.0000      -0.0000      -0.0000       0.0000
   3058.21       0.0000       0.0000      -0.0000       0.0000
   3196.99      15.5015       1.8316      -2.1273       2.7607
   3196.99      15.5015       1.3630       3.3075       1.6444
   3196.99      15.5015      -3.2077       0.1908       2.2751


$end

