
$orca_hessian_file

$act_atom
  3

$act_coord
  2

$act_energy
      -56.473197

$hessian
12
                    0                  1                  2                  3                  4        
    0      5.8580485181E-01   1.1037871328E-01   5.7082927114E-02  -4.2372655613E-01   5.0390907482E-02
    1      1.1037871328E-01   3.5229899993E-01  -1.4347701470E-01  -1.9174407839E-03  -2.4791064455E-02
    2      5.7082927114E-02  -1.4347701470E-01   5.5572636668E-01  -9.7391577469E-04   1.7519597577E-02
    3     -4.2372655613E-01  -1.9174407839E-03  -9.7391577469E-04   4.5231194314E-01  -8.7832479778E-03
    4      5.0390907482E-02  -2.4791064455E-02   1.7519597577E-02  -8.7832479778E-03   3.0703531237E-02
    5      2.6102744926E-02   1.7520346738E-02  -4.9661530177E-02  -4.5797008852E-03  -1.4886677100E-02
    6     -8.1073836711E-02  -8.7254052943E-02   3.5781754093E-02  -1.4292721069E-02  -3.7961236572E-02
    7     -1.2117169763E-01  -2.9910520268E-01   1.8265876992E-01   6.9745845365E-03  -2.6350827298E-03
    8      3.7318631562E-02   1.3464645583E-01  -1.1779518271E-01  -4.2939543476E-04   2.3390438031E-04
    9     -8.1074090481E-02  -2.1207403691E-02  -9.1891341860E-02  -1.4293175709E-02  -3.6466114039E-03
   10     -3.9492008383E-02  -2.8718987721E-02  -5.6877541894E-02   3.6204340859E-03  -3.1721727822E-03
   11     -1.2046919736E-01  -8.7597249277E-03  -3.8826977729E-01   5.9480179715E-03  -2.8668481277E-03
                    5                  6                  7                  8                  9        
    0      2.6102744926E-02  -8.1073836711E-02  -1.2117169763E-01   3.7318631562E-02  -8.1074090481E-02
    1      1.7520346738E-02  -8.7254052943E-02  -2.9910520268E-01   1.3464645583E-01  -2.1207403691E-02
    2     -4.9661530177E-02   3.5781754093E-02   1.8265876992E-01  -1.1779518271E-01  -9.1891341860E-02
    3     -4.5797008852E-03  -1.4292721069E-02   6.9745845365E-03  -4.2939543476E-04  -1.4293175709E-02
    4     -1.4886677100E-02  -3.7961236572E-02  -2.6350827298E-03   2.3390438031E-04  -3.6466114039E-03
    5      5.1710948483E-02   2.2406261735E-02  -3.2468578226E-03  -1.3282609502E-03  -4.3929488491E-02
    6      2.2406261735E-02   9.1860536813E-02   1.1270774695E-01  -5.1158687988E-02   3.5410901233E-03
    7     -3.2468578226E-03   1.1270774695E-01   3.0303274933E-01  -1.7083220207E-01   1.4898576595E-03
    8     -1.3282609502E-03  -5.1158687988E-02  -1.7083220207E-01   1.3973438406E-01   1.4269791713E-02
    9     -4.3929488491E-02   3.5410901233E-03   1.4898576595E-03   1.4269791713E-02   9.1861248208E-02
   10      6.8336202474E-04   1.2507313905E-02  -1.1866644556E-03   3.5952190807E-02   2.3364141484E-02
   11     -7.2103439663E-04  -7.0292546184E-03  -8.5447553033E-03  -2.0645883830E-02   1.2155085329E-01
                   10                 11        
     0     -3.9492008383E-02  -1.2046919736E-01
     1     -2.8718987721E-02  -8.7597249277E-03
     2     -5.6877541894E-02  -3.8826977729E-01
     3      3.6204340859E-03   5.9480179715E-03
     4     -3.1721727822E-03  -2.8668481277E-03
     5      6.8336202474E-04  -7.2103439663E-04
     6      1.2507313905E-02  -7.0292546184E-03
     7     -1.1866644556E-03  -8.5447553033E-03
     8      3.5952190807E-02  -2.0645883830E-02
     9      2.3364141484E-02   1.2155085329E-01
    10      3.3183069164E-02   2.0276994662E-02
    11      2.0276994662E-02   4.0967163947E-01

$vibrational_frequencies
12
    0        0.000000
    1        0.000000
    2        0.000000
    3        0.000000
    4        0.000000
    5        0.000000
    6     1111.346701
    7     1687.667360
    8     1687.902420
    9     3472.347119
   10     3597.031094
   11     3597.126564

$normal_modes
12 12
                    0                  1                  2                  3                  4        
    0      0.0000000000E+00   0.0000000000E+00   0.0000000000E+00   0.0000000000E+00   0.0000000000E+00
    1      0.0000000000E+00   0.0000000000E+00   0.0000000000E+00   0.0000000000E+00   0.0000000000E+00
    2      0.0000000000E+00   0.0000000000E+00   0.0000000000E+00   0.0000000000E+00   0.0000000000E+00
    3      0.0000000000E+00   0.0000000000E+00   0.0000000000E+00   0.0000000000E+00   0.0000000000E+00
    4      0.0000000000E+00   0.0000000000E+00   0.0000000000E+00   0.0000000000E+00   0.0000000000E+00
    5      0.0000000000E+00   0.0000000000E+00   0.0000000000E+00   0.0000000000E+00   0.0000000000E+00
    6      0.0000000000E+00   0.0000000000E+00   0.0000000000E+00   0.0000000000E+00   0.0000000000E+00
    7      0.0000000000E+00   0.0000000000E+00   0.0000000000E+00   0.0000000000E+00   0.0000000000E+00
    8      0.0000000000E+00   0.0000000000E+00   0.0000000000E+00   0.0000000000E+00   0.0000000000E+00
    9      0.0000000000E+00   0.0000000000E+00   0.0000000000E+00   0.0000000000E+00   0.0000000000E+00
   10      0.0000000000E+00   0.0000000000E+00   0.0000000000E+00   0.0000000000E+00   0.0000000000E+00
   11      0.0000000000E+00   0.0000000000E+00   0.0000000000E+00   0.0000000000E+00   0.0000000000E+00
                    5                  6                  7                  8                  9        
    0      0.0000000000E+00   3.8328708252E-02  -5.4941631078E-02   2.9546936405E-02  -1.2945973468E-02
    1      0.0000000000E+00  -9.6270316525E-02  -3.1662641645E-02  -1.7468282526E-02   3.2630916989E-02
    2      0.0000000000E+00  -4.9776809676E-02   1.8914772493E-02   5.6576656379E-02   1.6847791810E-02
    3      0.0000000000E+00   2.3427350115E-02  -4.3779956930E-02   2.3459588187E-02   5.7634568958E-01
    4      0.0000000000E+00   5.0911534861E-01  -6.5372014216E-02   4.3047580750E-01   1.1255836408E-02
    5      0.0000000000E+00   2.6312394261E-01  -4.3811287445E-01  -5.2887359130E-01   5.7029343019E-03
    6      0.0000000000E+00  -2.7813578140E-01   1.9326601544E-01  -6.0803912865E-01  -1.9838431332E-01
    7      0.0000000000E+00   3.2959539501E-01   1.2936409988E-01   5.6104092225E-02  -4.5062794880E-01
    8      0.0000000000E+00   3.7814465506E-01   4.1145188071E-01  -2.5971723844E-01   3.0172178575E-01
    9      0.0000000000E+00  -2.7790091046E-01   6.1397369001E-01   1.7400023666E-01  -1.9806628661E-01
   10      0.0000000000E+00   4.9904552975E-01   3.7598670553E-01  -2.4384355712E-01  -1.4061671604E-02
   11      0.0000000000E+00   5.0421653449E-02  -2.3617553236E-01   2.4110421398E-03  -5.4153882707E-01
                   10                 11        
     0     -3.6573397021E-02   6.4248510321E-02
     1     -4.2766072541E-02   2.3497922356E-03
     2      5.4599659859E-02   4.4876667271E-02
     3      4.0228658273E-01  -7.0632801762E-01
     4     -2.8389760454E-02   2.5620737960E-02
     5      1.0844295556E-02   2.7786514912E-02
     6      2.5157393040E-01   1.9795693597E-02
     7      6.6953851014E-01  -3.3619475370E-03
     8     -3.8682716093E-01   1.7392186413E-02
     9     -1.4564268370E-01  -2.0625426732E-01
    10     -4.6878533338E-02  -5.4911111697E-02
    11     -3.8272490808E-01  -6.6877739027E-01

#
# The atoms: label  mass x y z (in bohrs)
#
$atoms
4
 N     14.00700     -4.628137021743    -5.218452426087     0.035258065552
 H      1.00800     -2.715528168087    -5.325345384886    -0.020047937345
 H      1.00800     -5.208923966120    -6.809880839960     0.931114555269
 H      1.00800     -5.208927879515    -5.406806515638    -1.781262381226

$actual_temperature
  0.000000

$frequency_scale_factor
  1.000000

$dipole_derivatives
12
   -3.6095451133E-01    5.5244279582E-02    2.8577888814E-02
    5.4696739270E-02   -4.7642740454E-01   -7.1079924539E-02
    2.8470691169E-02   -7.1526145676E-02   -3.7597064122E-01
    7.3567515156E-03    3.2303498238E-02    1.6710191506E-02
    7.5778298226E-02    2.2397683646E-01    3.6062553813E-02
    3.9200818306E-02    3.6062268282E-02    1.7291535742E-01
    1.7681201904E-01   -3.9931902776E-02   -3.0081418056E-02
   -6.7919196250E-02    3.5814710021E-02    1.0163382549E-01
   -2.8801382207E-02    6.2056785895E-02    1.9216515544E-01
    1.7681136831E-01   -4.7624141812E-02   -1.5210948755E-02
   -6.2551590907E-02    2.1663609987E-01   -6.6622899736E-02
   -3.8858374901E-02   -2.6586243732E-02    1.0909863531E-02

#
# The IR spectrum
#  wavenumber T**2 TX TY  TY
#
$ir_spectrum
12
      0.00       0.0000       0.0000       0.0000       0.0000
      0.00       0.0000       0.0000       0.0000       0.0000
      0.00       0.0000       0.0000       0.0000       0.0000
      0.00       0.0000       0.0000       0.0000       0.0000
      0.00       0.0000       0.0000       0.0000       0.0000
      0.00       0.0000       0.0000       0.0000       0.0000
   1111.35     137.9760      -3.9157       9.8370       5.0870
   1687.67      14.3378       3.1448       1.8088      -1.0844
   1687.90      14.3373      -1.6902       0.9987      -3.2378
   3472.35       1.6732      -0.4313       1.0832       0.5602
   3597.03       1.0285       0.4745       0.5496      -0.7080
   3597.13       1.0282      -0.8313      -0.0294      -0.5799

$job_list
12
    0    1    1    1
    1    1    1    1
    2    1    1    1
    3    1    1    1


$end

