
$orca_hessian_file

$act_atom
  3

$act_coord
  2

$act_energy
      -56.463001

$hessian
12
                    0                  1                  2                  3                  4        
    0      8.5537489859E-01  -5.7198598939E-09   2.6290081158E-09  -4.9942119130E-01   1.4210589625E-10
    1     -5.7198598939E-09   8.5538877080E-01  -6.3948848393E-10   8.5265139140E-10  -7.0834931342E-02
    2      2.6290081158E-09  -6.3948848393E-10  -7.6183300663E-02  -1.4210855830E-10   1.9895196601E-09
    3     -4.9942119130E-01   8.5265139140E-10  -1.4210855830E-10   5.1391067601E-01   1.4566126085E-09
    4      1.4210589625E-10  -7.0834931342E-02   1.9895196601E-09   1.4566126085E-09   5.8445863260E-02
    5     -1.3855583225E-09   3.9079850745E-10   2.5391867773E-02   6.3948844895E-10  -3.5527136800E-11
    6     -1.7797708733E-01   1.8557155798E-01  -2.0961010565E-09  -7.2448254329E-03   3.0175208394E-02
    7      1.8557043912E-01  -3.9227712947E-01   1.6342483132E-09  -6.8998215852E-03   6.1946030172E-03
    8      3.1263880118E-09  -6.3948847074E-10   2.5396262977E-02  -3.9079850497E-10  -1.6697754251E-09
    9     -1.7797709003E-01  -1.8557155560E-01  -1.0302869632E-09  -7.2448251131E-03  -3.0175210206E-02
   10     -1.8557043432E-01  -3.9227713280E-01  -9.9475982927E-10   6.8998204839E-03   6.1946040120E-03
   11      6.3948845990E-10  -7.8159704000E-10   2.5396263226E-02  -1.9895196607E-09   1.1013412390E-09
                    5                  6                  7                  8                  9        
    0     -1.3855583225E-09  -1.7797708733E-01   1.8557043912E-01   3.1263880118E-09  -1.7797709003E-01
    1      3.9079850745E-10   1.8557155798E-01  -3.9227712947E-01  -6.3948847074E-10  -1.8557155560E-01
    2      2.5391867773E-02  -2.0961010565E-09   1.6342483132E-09   2.5396262977E-02  -1.0302869632E-09
    3      6.3948844895E-10  -7.2448254329E-03  -6.8998215852E-03  -3.9079850497E-10  -7.2448251131E-03
    4     -3.5527136800E-11   3.0175208394E-02   6.1946030172E-03  -1.6697754251E-09  -3.0175210206E-02
    5     -8.4435368564E-03  -1.0658140963E-10  -1.1368683775E-09  -8.4743474460E-03   2.3092638915E-09
    6     -1.0658140963E-10   1.7230834750E-01  -1.9720852379E-01  -1.4210852280E-10   1.2913884859E-02
    7     -1.1368683775E-09  -1.9720852379E-01   4.0004526348E-01   1.1368683829E-09   1.8537945721E-02
    8     -8.4743474460E-03  -1.4210852280E-10   1.1368683829E-09  -8.4464748795E-03  -1.1723955125E-09
    9      2.3092638915E-09   1.2913884859E-02   1.8537945721E-02  -1.1723955125E-09   1.7230834658E-01
   10     -3.1974423358E-10  -1.8537947426E-02  -1.3962592789E-02  -1.4210854824E-10   1.9720852450E-01
   11     -8.4743475525E-03   3.5527136891E-10   1.0658141140E-10  -8.4758045205E-03  -1.2434497857E-09
                   10                 11        
     0     -1.8557043432E-01   6.3948845990E-10
     1     -3.9227713280E-01  -7.8159704000E-10
     2     -9.9475982927E-10   2.5396263226E-02
     3      6.8998204839E-03  -1.9895196607E-09
     4      6.1946040120E-03   1.1013412390E-09
     5     -3.1974423358E-10  -8.4743475525E-03
     6     -1.8537947426E-02   3.5527136891E-10
     7     -1.3962592789E-02   1.0658141140E-10
     8     -1.4210854824E-10  -8.4758045205E-03
     9      1.9720852450E-01  -1.2434497857E-09
    10      4.0004526120E-01   3.1105000005E-17
    11      3.1105000005E-17  -8.4464765138E-03

$vibrational_frequencies
12
    0        0.000000
    1        0.000000
    2        0.000000
    3        0.000000
    4        0.000000
    5        0.000000
    6     -899.679892
    7     1586.724680
    8     1586.783142
    9     3653.495806
   10     3863.595616
   11     3863.614682

$normal_modes
12 12
                    0                  1                  2                  3                  4        
    0      0.0000000000E+00   0.0000000000E+00   0.0000000000E+00   0.0000000000E+00   0.0000000000E+00
    1      0.0000000000E+00   0.0000000000E+00   0.0000000000E+00   0.0000000000E+00   0.0000000000E+00
    2      0.0000000000E+00   0.0000000000E+00   0.0000000000E+00   0.0000000000E+00   0.0000000000E+00
    3      0.0000000000E+00   0.0000000000E+00   0.0000000000E+00   0.0000000000E+00   0.0000000000E+00
    4      0.0000000000E+00   0.0000000000E+00   0.0000000000E+00   0.0000000000E+00   0.0000000000E+00
    5      0.0000000000E+00   0.0000000000E+00   0.0000000000E+00   0.0000000000E+00   0.0000000000E+00
    6      0.0000000000E+00   0.0000000000E+00   0.0000000000E+00   0.0000000000E+00   0.0000000000E+00
    7      0.0000000000E+00   0.0000000000E+00   0.0000000000E+00   0.0000000000E+00   0.0000000000E+00
    8      0.0000000000E+00   0.0000000000E+00   0.0000000000E+00   0.0000000000E+00   0.0000000000E+00
    9      0.0000000000E+00   0.0000000000E+00   0.0000000000E+00   0.0000000000E+00   0.0000000000E+00
   10      0.0000000000E+00   0.0000000000E+00   0.0000000000E+00   0.0000000000E+00   0.0000000000E+00
   11      0.0000000000E+00   0.0000000000E+00   0.0000000000E+00   0.0000000000E+00   0.0000000000E+00
                    5                  6                  7                  8                  9        
    0      0.0000000000E+00   1.5499254231E-11  -1.0928912345E-05   8.0736186770E-02   8.2459728845E-06
    1      0.0000000000E+00  -2.5433649472E-10  -8.0733849743E-02  -1.0928544630E-05  -9.1003542118E-11
    2      0.0000000000E+00  -1.2368820039E-01   3.1481005519E-10   1.6905171103E-10   1.2949053936E-10
    3      0.0000000000E+00   1.8241273717E-09  -8.5884575755E-06   6.3434613737E-02   5.7725945310E-01
    4      0.0000000000E+00   2.2759093250E-09   8.1135375075E-01   1.0983019803E-04   1.8171329568E-09
    5      0.0000000000E+00   5.7290687189E-01  -1.4581685212E-09  -6.9962902519E-10  -5.9973386166E-10
    6      0.0000000000E+00  -6.8989897165E-11   3.7888015712E-01  -5.9261432719E-01  -2.8868701767E-01
    7      0.0000000000E+00   2.4087157382E-10   1.5530645798E-01  -3.7876168076E-01   5.0004556465E-01
    8      0.0000000000E+00   5.7292187308E-01  -1.5303310041E-09  -8.2475245349E-10  -5.9982254588E-10
    9      0.0000000000E+00  -1.9705125281E-09  -3.7871970231E-01  -5.9271688188E-01  -2.8868702009E-01
   10      0.0000000000E+00   1.0174366425E-09   1.5520391166E-01   3.7880371180E-01  -5.0004556520E-01
   11      0.0000000000E+00   5.7292187301E-01  -1.3860485333E-09  -8.2473292254E-10  -5.9982254569E-10
                   10                 11        
     0     -1.4499534709E-05   8.6090138829E-02
     1     -8.6092377765E-02  -1.4499941167E-05
     2      3.6009405128E-11  -1.3981377571E-10
     3      1.3699379976E-04  -8.1338193614E-01
     4     -1.5767995571E-02  -2.6558554770E-06
     5     -1.6680561929E-10   7.3646281938E-10
     6     -3.5896241144E-01  -1.9151660550E-01
     7      6.0598620869E-01   3.5905010248E-01
     8     -2.4382185315E-10   6.0317007852E-10
     9      3.5902690076E-01  -1.9139567918E-01
    10      6.0610711958E-01  -3.5884595786E-01
    11     -8.9753219641E-11   6.0319602710E-10

#
# The atoms: label  mass x y z (in bohrs)
#
$atoms
4
 N     14.00700     -0.000012310756     0.000000000051     0.000000000157
 H      1.00800      1.880669274081    -0.000000000062    -0.000000000052
 H      1.00800     -0.940328481701     1.628722762637    -0.000000000052
 H      1.00800     -0.940328481624    -1.628722762627    -0.000000000052

$actual_temperature
  0.000000

$frequency_scale_factor
  1.000000

$dipole_derivatives
12
   -4.2895622341E-01   -4.4530744110E-10    3.3012323274E-11
   -5.1126037290E-08   -4.2897100042E-01    3.2912223107E-11
   -8.5257652717E-11    6.4460589644E-12   -9.9227106049E-01
    1.4711238769E-01    2.3035393037E-12    6.6061426544E-11
   -1.1454440006E-08    1.3884430218E-01    3.2708760784E-11
   -4.4199114204E-09   -2.7131292005E-12    3.3076270680E-01
    1.4092117070E-01   -3.5766397461E-03    1.6324297935E-11
   -3.5766269632E-03    1.4505644510E-01    6.1618231898E-11
    1.4960687420E-09    7.7079792202E-10    3.3076769599E-01
    1.4092117066E-01    3.5766397376E-03    1.6312064507E-11
    3.5765832071E-03    1.4505640189E-01    4.2181439749E-12
    1.4945073391E-09   -7.7699895129E-10    3.3076769596E-01

#
# The IR spectrum
#  wavenumber T**2 TX TY  TY
#
$ir_spectrum
12
      0.00       0.0000       0.0000       0.0000       0.0000
      0.00       0.0000       0.0000       0.0000       0.0000
      0.00       0.0000       0.0000       0.0000       0.0000
      0.00       0.0000       0.0000       0.0000       0.0000
      0.00       0.0000       0.0000       0.0000       0.0000
      0.00       0.0000       0.0000       0.0000       0.0000
   -899.68       0.0000       0.0000       0.0000       0.0000
   1586.72      32.0772       0.0008       5.6637      -0.0000
   1586.78      32.0814      -5.6640       0.0008      -0.0000
   3653.50       0.0000      -0.0007       0.0000      -0.0000
   3863.60      40.1003       0.0011       6.3325      -0.0000
   3863.61      40.0944      -6.3320       0.0011       0.0000

$job_list
12
    0    1    1    1
    1    1    1    1
    2    1    1    1
    3    1    1    1


$end

