
$orca_hessian_file

$act_atom
  0

$act_coord
  0

$act_energy
       -0.000000

$hessian
12
                    0                  1                  2                  3                  4        
    0      6.4597015505E-01  -9.8202512304E-13  -7.9088061309E-17  -3.7306321369E-01  -1.9267156356E-13
    1     -9.8202512304E-13   6.4597036981E-01   4.3805538559E-17   2.0131886592E-11  -5.7590125759E-02
    2     -7.9088061309E-17   4.3805538559E-17   1.6443781722E-02   7.1140694696E-12  -8.0599191348E-18
    3     -3.7306321369E-01   2.0131886592E-11   7.1140694696E-12   3.8676305654E-01  -7.3002481599E-14
    4     -1.9267156356E-13  -5.7590125759E-02  -8.0599191348E-18  -7.3002481599E-14   4.7942612332E-02
    5      2.8621370058E-14  -7.8306692433E-17  -5.4640731343E-03  -2.3576966984E-12   9.4000081689E-17
    6     -1.3645432850E-01   1.3659826221E-01  -3.5569925751E-12  -6.8500218474E-03   2.4893626331E-02
    7      1.3660358701E-01  -2.9419510182E-01   6.1608672656E-12  -4.6771663772E-03   4.8240135664E-03
    8     -1.4324964321E-14   2.4790496034E-14  -5.4640535861E-03  -2.3341418610E-12   5.4471561111E-15
    9     -1.3645432852E-01  -1.3659826223E-01  -3.5570150485E-12  -6.8500218481E-03  -2.4893626331E-02
   10     -1.3660358702E-01  -2.9419510183E-01  -6.1609028929E-12   4.6771663848E-03   4.8240135686E-03
   11     -1.4216392208E-14  -2.4733320466E-14  -5.4640535844E-03  -2.3027405977E-12  -5.5358690920E-15
                    5                  6                  7                  8                  9        
    0      2.8621370058E-14  -1.3645432850E-01   1.3660358701E-01  -1.4324964321E-14  -1.3645432852E-01
    1     -7.8306692433E-17   1.3659826221E-01  -2.9419510182E-01   2.4790496034E-14  -1.3659826223E-01
    2     -5.4640731343E-03  -3.5569925751E-12   6.1608672656E-12  -5.4640535861E-03  -3.5570150485E-12
    3     -2.3576966984E-12  -6.8500218474E-03  -4.6771663772E-03  -2.3341418610E-12  -6.8500218481E-03
    4      9.4000081689E-17   2.4893626331E-02   4.8240135664E-03   5.4471561111E-15  -2.4893626331E-02
    5      1.8299936509E-03   1.1645536201E-12  -2.0060761581E-12   1.8084394958E-03   1.1645209216E-12
    6      1.1645536201E-12   1.3264287721E-01  -1.4671020665E-01   1.1861272838E-12   1.0662431402E-02
    7     -2.0060761581E-12  -1.4671020665E-01   3.0205796045E-01  -2.0543174424E-12   1.4783429019E-02
    8      1.8084394958E-03   1.1861272838E-12  -2.0543174424E-12   1.8299864345E-03   1.1623485806E-12
    9      1.1645209216E-12   1.0662431402E-02   1.4783429019E-02   1.1623485806E-12   1.3264287722E-01
   10      2.0060604391E-12  -1.4783429021E-02  -1.2682149244E-02   2.0240671686E-12   1.4671020665E-01
   11      1.8084394920E-03   1.1465701960E-12  -1.9970016646E-12   1.8084271952E-03   1.1703957835E-12
                   10                 11        
     0     -1.3660358702E-01  -1.4216392208E-14
     1     -2.9419510183E-01  -2.4733320466E-14
     2     -6.1609028929E-12  -5.4640535844E-03
     3      4.6771663848E-03  -2.3027405977E-12
     4      4.8240135686E-03  -5.5358690920E-15
     5      2.0060604391E-12   1.8084394920E-03
     6     -1.4783429021E-02   1.1465701960E-12
     7     -1.2682149244E-02  -1.9970016646E-12
     8      2.0240671686E-12   1.8084271952E-03
     9      1.4671020665E-01   1.1703957835E-12
    10      3.0205796044E-01   2.0272833831E-12
    11      2.0272833831E-12   1.8299864363E-03

$vibrational_frequencies
12
    0        0.000000
    1        0.000000
    2        0.000000
    3        0.000000
    4        0.000000
    5        0.000000
    6      423.035683
    7     1446.444573
    8     1446.456034
    9     3178.948485
   10     3371.774996
   11     3371.786479

$normal_modes
12 12
                    0                  1                  2                  3                  4        
    0      0.0000000000E+00   0.0000000000E+00   0.0000000000E+00   0.0000000000E+00   0.0000000000E+00
    1      0.0000000000E+00   0.0000000000E+00   0.0000000000E+00   0.0000000000E+00   0.0000000000E+00
    2      0.0000000000E+00   0.0000000000E+00   0.0000000000E+00   0.0000000000E+00   0.0000000000E+00
    3      0.0000000000E+00   0.0000000000E+00   0.0000000000E+00   0.0000000000E+00   0.0000000000E+00
    4      0.0000000000E+00   0.0000000000E+00   0.0000000000E+00   0.0000000000E+00   0.0000000000E+00
    5      0.0000000000E+00   0.0000000000E+00   0.0000000000E+00   0.0000000000E+00   0.0000000000E+00
    6      0.0000000000E+00   0.0000000000E+00   0.0000000000E+00   0.0000000000E+00   0.0000000000E+00
    7      0.0000000000E+00   0.0000000000E+00   0.0000000000E+00   0.0000000000E+00   0.0000000000E+00
    8      0.0000000000E+00   0.0000000000E+00   0.0000000000E+00   0.0000000000E+00   0.0000000000E+00
    9      0.0000000000E+00   0.0000000000E+00   0.0000000000E+00   0.0000000000E+00   0.0000000000E+00
   10      0.0000000000E+00   0.0000000000E+00   0.0000000000E+00   0.0000000000E+00   0.0000000000E+00
   11      0.0000000000E+00   0.0000000000E+00   0.0000000000E+00   0.0000000000E+00   0.0000000000E+00
                    5                  6                  7                  8                  9        
    0      0.0000000000E+00  -3.0865000689E-17  -9.2530748090E-02  -1.3683691068E-07   4.3489221653E-06
    1      0.0000000000E+00  -7.9850244359E-18  -1.3683340921E-07   9.2528719542E-02   4.2154549749E-12
    2      0.0000000000E+00   1.4384727368E-01  -1.4667367647E-17   1.8168447160E-17   2.6941061021E-12
    3      0.0000000000E+00  -1.3255517588E-11  -7.4525256831E-02  -1.1021270838E-07   5.7731649847E-01
    4      0.0000000000E+00   1.0149198110E-18   1.1972202924E-06  -8.0956936598E-01   9.4137812371E-13
    5      0.0000000000E+00  -5.7134565929E-01  -8.3996158032E-14  -7.2287389549E-17  -1.0700691214E-11
    6      0.0000000000E+00   6.6279160949E-12   5.8854633708E-01  -3.8283026887E-01  -2.8868415939E-01
    7      0.0000000000E+00  -1.1479461409E-11   3.8282641596E-01  -1.4648580763E-01   5.0001428617E-01
    8      0.0000000000E+00  -5.7134582324E-01   4.2085357160E-14   7.2719539975E-14  -1.0700700223E-11
    9      0.0000000000E+00   6.6279692701E-12   5.8854520478E-01   3.8283200959E-01  -2.8868415942E-01
   10      0.0000000000E+00   1.1479555541E-11  -3.8282598272E-01  -1.4648693990E-01  -5.0001428622E-01
   11      0.0000000000E+00  -5.7134582324E-01   4.2085572452E-14  -7.2863741890E-14  -1.0700700223E-11
                   10                 11        
     0     -7.5779089934E-08   1.0020598159E-01
     1      1.0020791058E-01   7.5781210815E-08
     2      1.0809316342E-17  -1.2591020235E-16
     3      6.1423599636E-07  -8.1225190896E-01
     4      1.6195482828E-02   1.2250469455E-08
     5     -4.3002261125E-17   9.1526643392E-14
     6      3.5871677568E-01  -1.9088470917E-01
     7     -6.0512044028E-01   3.5869958846E-01
     8      7.8789911615E-14  -4.5013109579E-14
     9     -3.5871648696E-01  -1.9088525173E-01
    10     -6.0511989769E-01  -3.5870050370E-01
    11     -7.8875709650E-14  -4.5013228812E-14

#
# The atoms: label  mass x y z (in bohrs)
#
$atoms
4
 C     12.01100      0.000000326180    -0.000000000000     0.000000000000
 H      1.00800      2.038698487510    -0.000000000000    -0.000000000000
 H      1.00800     -1.019348461982     1.765564532516    -0.000000000000
 H      1.00800     -1.019348461982    -1.765564532515    -0.000000000000

$actual_temperature
  0.000000

$frequency_scale_factor
  1.000000

$dipole_derivatives
12
    1.5033277185E-02    1.9602829017E-11    3.9309978289E-17
    1.7380725472E-10    1.5033182447E-02    6.7949980242E-18
   -1.6732381111E-16    1.2921904834E-14   -4.5272708827E-01
   -5.4324023509E-02   -1.1003418066E-11    2.0685164349E-14
    4.7680991893E-11    4.4302881445E-02    1.3376916296E-16
   -1.0190316397E-13    1.2934883706E-15    1.5078434423E-01
    1.9694178230E-02    4.2651061637E-02   -1.0251850833E-14
    4.2717838077E-02   -2.9665456984E-02    1.7755951149E-14
    5.6748906322E-14   -9.5612237645E-14    1.5078437677E-01
    1.9694178244E-02   -4.2651061637E-02   -1.0582222331E-14
   -4.2717838069E-02   -2.9665456984E-02   -1.7894761098E-14
    4.5321633402E-14    8.1407681423E-14    1.5078437677E-01

#
# The IR spectrum
#  wavenumber T**2 TX TY  TY
#
$ir_spectrum
12
      0.00       0.0000       0.0000       0.0000       0.0000
      0.00       0.0000       0.0000       0.0000       0.0000
      0.00       0.0000       0.0000       0.0000       0.0000
      0.00       0.0000       0.0000       0.0000       0.0000
      0.00       0.0000       0.0000       0.0000       0.0000
      0.00       0.0000       0.0000       0.0000       0.0000
    423.04      82.6037       0.0000       0.0000      -9.0887
   1446.44       3.0318       1.7412       0.0000      -0.0000
   1446.46       3.0208       0.0000      -1.7380      -0.0000
   3178.95       0.0000      -0.0004      -0.0000      -0.0000
   3371.77       4.1168      -0.0000       2.0290       0.0000
   3371.79       4.1208       2.0300       0.0000       0.0000


$end

