
$orca_hessian_file

$act_atom
  0

$act_coord
  0

$act_energy
  24860799780692581665432591822582245757877743838719868239862250726648086055858722072403206463668639191449460102840752247655283946851142505748402545246309422480029562243289333493123944778526979479985241039606308255639345770187227132552189904579394642333619249038626949010483962707968.000000

$hessian
18
                    0                  1                  2                  3                  4        
    0      6.1387345549E-01  -6.3689475109E-08  -4.7291588759E-05  -3.4436781151E-01   1.6099088702E-05
    1     -6.3689475109E-08   6.1387342693E-01  -1.0397742457E-05   1.5835938916E-05  -5.5179761186E-02
    2     -4.7291588759E-05  -1.0397742457E-05   1.0115663343E-01   5.8852793824E-02  -2.5945162614E-06
    3     -3.4436781151E-01   1.5835938916E-05   5.8852793824E-02   3.6060951317E-01  -1.7287314919E-05
    4      1.6099088702E-05  -5.5179761186E-02  -2.5945162614E-06  -1.7287314919E-05   4.6752218317E-02
    5      7.1066630443E-02  -3.2430832575E-06  -3.6102571016E-02  -6.6309513960E-02   3.1719103193E-06
    6     -1.2747356248E-01   1.2522192232E-01  -2.9405823365E-02  -7.8042976409E-03   2.4568717281E-02
    7      1.2522090768E-01  -2.7208689229E-01   5.0941585932E-02  -3.7800182445E-03   4.1942627468E-03
    8     -3.5510161932E-02   6.1515939314E-02  -3.6086887379E-02   4.2870575973E-03  -6.7866778739E-03
    9     -1.6152486125E-02  -1.3121288602E-08   1.2128553168E-05  -1.5511217490E-03   3.1395924393E-07
   10     -1.3122819439E-08  -1.6152484031E-02   2.4831565347E-06   3.7398739140E-08   3.8219942976E-04
   11      1.2061519422E-05   2.5568058986E-06   1.1464788408E-01  -7.8596712111E-04  -3.2162729523E-07
   12     -1.2749878555E-01  -1.2523768105E-01  -2.9405843317E-02  -7.8064041098E-03  -2.4567782473E-02
   13     -1.2523693012E-01  -2.7206627544E-01  -5.0929012444E-02   3.7814079940E-03   4.1966966714E-03
   14     -3.5511161565E-02  -6.1502657124E-02  -3.6082296459E-02   4.2875872166E-03   6.7863124254E-03
   15      1.6087205172E-03  -3.2012486835E-10  -1.0116132093E-05   9.2102722271E-04  -6.0464834204E-08
   16     -3.0204869201E-10   1.6087234159E-03  -2.0587091585E-06  -6.6421545710E-08  -3.4236157353E-04
   17     -1.0076035459E-05  -2.1980469870E-06  -1.0752500431E-01  -3.3067049789E-04   1.0967821757E-07
                    5                  6                  7                  8                  9        
    0      7.1066630443E-02  -1.2747356248E-01   1.2522090768E-01  -3.5510161932E-02  -1.6152486125E-02
    1     -3.2430832575E-06   1.2522192232E-01  -2.7208689229E-01   6.1515939314E-02  -1.3121288602E-08
    2     -3.6102571016E-02  -2.9405823365E-02   5.0941585932E-02  -3.6086887379E-02   1.2128553168E-05
    3     -6.6309513960E-02  -7.8042976409E-03  -3.7800182445E-03   4.2870575973E-03  -1.5511217490E-03
    4      3.1719103193E-06   2.4568717281E-02   4.1942627468E-03  -6.7866778739E-03   3.1395924393E-07
    5      3.7190128061E-02  -8.0167510905E-03   3.1974962315E-04   5.3389486560E-03   1.1106703711E-02
    6     -8.0167510905E-03   1.2521033192E-01  -1.3590496669E-01   3.3131612740E-02  -1.0227683677E-04
    7      3.1974962315E-04  -1.3590496669E-01   2.8216168000E-01  -5.7394002108E-02   8.3689634331E-04
    8      5.3389486560E-03   3.3131612740E-02  -5.7394002108E-02   3.7174131928E-02  -5.5548561831E-03
    9      1.1106703711E-02  -1.0227683677E-04   8.3689634331E-04  -5.5548561831E-03   2.3079714024E-02
   10     -8.7551756837E-07   8.3825851464E-04  -1.0687853367E-03   9.6196779017E-03   1.1148678025E-08
   11     -1.5233485648E-02   3.9312382308E-04  -6.8381394974E-04  -1.5232252426E-02  -5.7602798111E-06
   12     -8.0158037463E-03   1.0198710373E-02   1.4172045553E-02   3.7314898234E-03  -1.0245336940E-04
   13     -3.1885517851E-04  -1.4174319988E-02  -1.3807367082E-02  -7.1013798184E-03  -8.3720850925E-04
   14      5.3387004475E-03   3.7327361546E-03   7.1017817043E-03   5.3377977518E-03  -5.5558008057E-03
   15      1.6929901410E-04  -2.5086997252E-05  -5.4668028587E-04  -8.4180779788E-05  -5.1719982557E-03
   16      7.2598056685E-08  -5.4690910146E-04   6.0629014231E-04   1.4652168560E-04  -7.0515590453E-11
   17      3.4688363772E-03   1.6445841193E-04  -2.8418626243E-04   3.4688207708E-03  -2.4174498110E-06
                   10                 11                 12                 13                 14        
    0     -1.3122819439E-08   1.2061519422E-05  -1.2749878555E-01  -1.2523693012E-01  -3.5511161565E-02
    1     -1.6152484031E-02   2.5568058986E-06  -1.2523768105E-01  -2.7206627544E-01  -6.1502657124E-02
    2      2.4831565347E-06   1.1464788408E-01  -2.9405843317E-02  -5.0929012444E-02  -3.6082296459E-02
    3      3.7398739140E-08  -7.8596712111E-04  -7.8064041098E-03   3.7814079940E-03   4.2875872166E-03
    4      3.8219942976E-04  -3.2162729523E-07  -2.4567782473E-02   4.1966966714E-03   6.7863124254E-03
    5     -8.7551756837E-07  -1.5233485648E-02  -8.0158037463E-03  -3.1885517851E-04   5.3387004475E-03
    6      8.3825851464E-04   3.9312382308E-04   1.0198710373E-02  -1.4174319988E-02   3.7327361546E-03
    7     -1.0687853367E-03  -6.8381394974E-04   1.4172045553E-02  -1.3807367082E-02   7.1017817043E-03
    8      9.6196779017E-03  -1.5232252426E-02   3.7314898234E-03  -7.1013798184E-03   5.3377977518E-03
    9      1.1148678025E-08  -5.7602798111E-06  -1.0245336940E-04  -8.3720850925E-04  -5.5558008057E-03
   10      2.3079735217E-02  -1.2391371798E-06  -8.3829379464E-04  -1.0688925221E-03  -9.6197032745E-03
   11     -1.2391371798E-06  -3.7145595029E-02   3.9323730994E-04   6.8321591486E-04  -1.5231840940E-02
   12     -8.3829379464E-04   3.9323730994E-04   1.2523772945E-01   1.3592212534E-01   3.3131819674E-02
   13     -1.0688925221E-03   6.8321591486E-04   1.3592212534E-01   2.8213900862E-01   5.7380621899E-02
   14     -9.6197032745E-03  -1.5231840940E-02   3.3131819674E-02   5.7380621899E-02   3.7169401458E-02
   15     -6.1985378273E-11  -2.4140192719E-06  -2.4978401538E-05   5.4674074662E-04  -8.4219414398E-05
   16     -5.1719971203E-03  -4.7495814283E-07   5.4697524266E-04   6.0617724658E-04  -1.4639224225E-04
   17     -3.4372732840E-07  -3.1822963148E-02   1.6445673304E-04   2.8429473429E-04   3.4687976558E-03
                   15                 16                 17        
     0      1.6087205172E-03  -3.0204869201E-10  -1.0076035459E-05
     1     -3.2012486835E-10   1.6087234159E-03  -2.1980469870E-06
     2     -1.0116132093E-05  -2.0587091585E-06  -1.0752500431E-01
     3      9.2102722271E-04  -6.6421545710E-08  -3.3067049789E-04
     4     -6.0464834204E-08  -3.4236157353E-04   1.0967821757E-07
     5      1.6929901410E-04   7.2598056685E-08   3.4688363772E-03
     6     -2.5086997252E-05  -5.4690910146E-04   1.6445841193E-04
     7     -5.4668028587E-04   6.0629014231E-04  -2.8418626243E-04
     8     -8.4180779788E-05   1.4652168560E-04   3.4688207708E-03
     9     -5.1719982557E-03  -7.0515590453E-11  -2.4174498110E-06
    10     -6.1985378273E-11  -5.1719971203E-03  -3.4372732840E-07
    11     -2.4140192719E-06  -4.7495814283E-07  -3.1822963148E-02
    12     -2.4978401538E-05   5.4697524266E-04   1.6445673304E-04
    13      5.4674074662E-04   6.0617724658E-04   2.8429473429E-04
    14     -8.4219414398E-05  -1.4639224225E-04   3.4687976558E-03
    15      2.6948658005E-03   5.9333494538E-10   1.1632734745E-05
    16      5.9333494538E-10   2.6948647720E-03   2.3320590731E-06
    17      1.1632734745E-05   2.3320590731E-06   1.2895033134E-01

$vibrational_frequencies
18
    0        0.000000
    1        0.000000
    2        0.000000
    3        0.000000
    4        0.000000
    5        0.000000
    6    -1236.571939
    7      359.184768
    8      359.192225
    9      529.759292
   10      944.512174
   11      944.512717
   12     1225.419226
   13     1452.455661
   14     1452.474076
   15     3135.669183
   16     3307.010482
   17     3307.037881

$normal_modes
18 18
                    0                  1                  2                  3                  4        
    0      0.0000000000E+00   0.0000000000E+00   0.0000000000E+00   0.0000000000E+00   0.0000000000E+00
    1      0.0000000000E+00   0.0000000000E+00   0.0000000000E+00   0.0000000000E+00   0.0000000000E+00
    2      0.0000000000E+00   0.0000000000E+00   0.0000000000E+00   0.0000000000E+00   0.0000000000E+00
    3      0.0000000000E+00   0.0000000000E+00   0.0000000000E+00   0.0000000000E+00   0.0000000000E+00
    4      0.0000000000E+00   0.0000000000E+00   0.0000000000E+00   0.0000000000E+00   0.0000000000E+00
    5      0.0000000000E+00   0.0000000000E+00   0.0000000000E+00   0.0000000000E+00   0.0000000000E+00
    6      0.0000000000E+00   0.0000000000E+00   0.0000000000E+00   0.0000000000E+00   0.0000000000E+00
    7      0.0000000000E+00   0.0000000000E+00   0.0000000000E+00   0.0000000000E+00   0.0000000000E+00
    8      0.0000000000E+00   0.0000000000E+00   0.0000000000E+00   0.0000000000E+00   0.0000000000E+00
    9      0.0000000000E+00   0.0000000000E+00   0.0000000000E+00   0.0000000000E+00   0.0000000000E+00
   10      0.0000000000E+00   0.0000000000E+00   0.0000000000E+00   0.0000000000E+00   0.0000000000E+00
   11      0.0000000000E+00   0.0000000000E+00   0.0000000000E+00   0.0000000000E+00   0.0000000000E+00
   12      0.0000000000E+00   0.0000000000E+00   0.0000000000E+00   0.0000000000E+00   0.0000000000E+00
   13      0.0000000000E+00   0.0000000000E+00   0.0000000000E+00   0.0000000000E+00   0.0000000000E+00
   14      0.0000000000E+00   0.0000000000E+00   0.0000000000E+00   0.0000000000E+00   0.0000000000E+00
   15      0.0000000000E+00   0.0000000000E+00   0.0000000000E+00   0.0000000000E+00   0.0000000000E+00
   16      0.0000000000E+00   0.0000000000E+00   0.0000000000E+00   0.0000000000E+00   0.0000000000E+00
   17      0.0000000000E+00   0.0000000000E+00   0.0000000000E+00   0.0000000000E+00   0.0000000000E+00
                    5                  6                  7                  8                  9        
    0      0.0000000000E+00   1.1327954014E-05  -6.2704349808E-04   3.2913757935E-02   2.7327261137E-05
    1      0.0000000000E+00   2.6673183990E-06  -3.2914805327E-02  -6.2709455681E-04   5.2778921124E-06
    2      0.0000000000E+00   1.3111846352E-01  -3.4184537717E-07   1.4374174777E-06   3.0355310282E-01
    3      0.0000000000E+00  -3.5802617345E-02   1.8415683508E-03  -9.6627433829E-02   3.2474803467E-02
    4      0.0000000000E+00  -6.9311873608E-07   1.1256606342E-01   2.1315056010E-03   9.5056006030E-06
    5      0.0000000000E+00  -1.1373376173E-01   1.2081631297E-02  -6.3604697593E-01   5.0290943564E-01
    6      0.0000000000E+00   1.7888116200E-02   9.0454145821E-03  -1.0839931343E-01  -1.6162493934E-02
    7      0.0000000000E+00  -3.1010718361E-02   1.0070967778E-01  -5.0017846425E-03   2.8098204706E-02
    8      0.0000000000E+00  -1.1374598209E-01   5.4479523927E-01   3.2850944034E-01   5.0289338509E-01
    9      0.0000000000E+00  -9.4891260091E-05  -1.1404369331E-02   5.9861123995E-01   1.3555523395E-05
   10      0.0000000000E+00  -1.9557594508E-05  -5.9860978056E-01  -1.1404580727E-02   4.0440863395E-06
   11      0.0000000000E+00  -9.6958760109E-01   1.1781394043E-05  -5.8031909179E-05   3.4894450334E-01
   12      0.0000000000E+00   1.7891386689E-02  -4.9109894726E-03  -1.0866305975E-01  -1.6165553358E-02
   13      0.0000000000E+00   3.1004161648E-02   1.0042518566E-01   8.8470676279E-03  -2.8074676969E-02
   14      0.0000000000E+00  -1.1374672221E-01  -5.5688940612E-01   3.0757612839E-01   5.0288168465E-01
   15      0.0000000000E+00  -4.8261908416E-07   3.6677354055E-04  -1.9251627534E-02  -1.3816092438E-05
   16      0.0000000000E+00  -1.4146266461E-07   1.9251624723E-02   3.6677424195E-04  -2.8422645530E-06
   17      0.0000000000E+00  -7.1520967395E-03   1.3725480569E-07   6.5715013682E-08  -1.5565583614E-01
                   10                 11                 12                 13                 14        
    0      6.3755933247E-02   2.6209759853E-02   1.3324938542E-05  -8.4576791483E-02  -4.8428821664E-04
    1     -2.6209645727E-02   6.3755479946E-02   2.9339763474E-06  -4.8435034414E-04   8.4577355041E-02
    2     -5.8787414617E-06  -3.6480240113E-06   1.4376164706E-01   7.9954016391E-06  -1.6588342315E-06
    3     -3.2410678293E-02  -1.3324893675E-02  -1.2165227493E-01  -1.0395077999E-01  -6.4067345500E-04
    4      2.0203722837E-02  -4.9173046189E-02  -3.9422157485E-06   4.5627436083E-03  -7.8950382078E-01
    5     -4.3368364950E-01  -1.7825758875E-01  -5.0100295361E-01  -1.6628592240E-01  -9.4482776329E-04
    6     -4.1949643128E-02  -2.5787521549E-02   6.0751879270E-02   5.6840569695E-01  -3.8359189531E-01
    7      7.7659072649E-03  -3.9567512048E-02  -1.0532762112E-01   3.8753476590E-01  -1.1716857539E-01
    8      3.7122554631E-01  -2.8644793878E-01  -5.0101926381E-01   8.2253971719E-02   1.4453672700E-01
    9     -7.5102847667E-01  -3.0874466850E-01   3.6063009998E-05  -1.2369156394E-02  -7.0837410419E-05
   10      3.0874512256E-01  -7.5102967101E-01   8.0664170507E-06  -7.0756149458E-05   1.2358223376E-02
   11      6.2016812702E-05   4.3591258759E-05   4.2613748601E-01  -2.2649325882E-06  -4.7867434071E-08
   12     -4.7956718007E-02  -1.1171252397E-02   6.0762251144E-02   5.6389722370E-01   3.9012100982E-01
   13      2.2312609842E-02  -3.3571307601E-02   1.0530089695E-01  -3.8620849569E-01  -1.2168296714E-01
   14      6.2468906480E-02   4.6471614706E-01  -5.0102271866E-01   8.3933646942E-02  -1.4357170949E-01
   15      3.2313137393E-03   1.3283822869E-03  -1.6119279966E-06  -2.3295646743E-04  -1.3358166223E-06
   16     -1.3283932691E-03   3.2313541735E-03  -3.5142906064E-07  -1.3333638165E-06   2.3316801537E-04
   17     -7.8783137167E-08  -3.0541998325E-07  -1.8085872371E-02   1.5063474391E-07  -1.0683294868E-08
                   15                 16                 17        
     0     -4.4502313117E-06  -1.3852037206E-04  -9.8062586415E-02
     1     -5.7007781269E-07  -9.8062028792E-02   1.3852139290E-04
     2     -2.5921251245E-02   2.0095163336E-06   9.0221644650E-06
     3     -5.6766880354E-01   1.0832423745E-03   7.9578069586E-01
     4      3.0989083888E-05  -1.3231948271E-02  -2.5526758391E-05
     5      1.0374991048E-01  -2.2263773749E-04  -1.6368691036E-01
     6      2.8383610801E-01  -3.5003966358E-01   1.8948564684E-01
     7     -4.9165515462E-01   5.9306721835E-01  -3.5111838849E-01
     8      1.0368511827E-01  -1.4156186461E-01   8.1988564250E-02
     9     -1.4268954968E-06  -1.0750488646E-05  -7.6188344201E-03
    10     -8.1538677509E-08  -7.6193957394E-03   1.0774822667E-05
    11     -1.5479557470E-02   2.4064382252E-07   8.5238760153E-06
    12      2.8388540223E-01   3.5061442167E-01   1.8856673926E-01
    13      4.9163070053E-01   5.9399218775E-01   3.4948565654E-01
    14      1.0366492362E-01   1.4176038781E-01   8.1588238564E-02
    15      4.9690920057E-08   9.4215249081E-08   6.4473074363E-05
    16      9.6501199941E-09   6.4460024098E-05  -8.7910573746E-08
    17      3.7669000212E-04  -2.0142831231E-09  -1.6836027095E-07

#
# The atoms: label  mass x y z (in bohrs)
#
$atoms
6
 C     12.01100      0.000103778753     0.000021743391     3.682543679207
 H      1.00800     -2.007814907937     0.000131313228     4.095879725209
 H      1.00800      1.004032489559    -1.738962195812     4.095637029233
 H      1.00800     -0.000136945694    -0.000030520227     1.069307061254
 H      1.00800      1.004207906916     1.738920945259     4.095567462065
 Cl    35.45300     -0.000388542145    -0.000081285840    -1.648459191460

$actual_temperature
  0.000000

$frequency_scale_factor
  1.000000

$dipole_derivatives
18
    3.9786145053E-02    2.8741914715E-08    4.4272807493E-05
    2.8787115254E-08    3.9786170150E-02    8.8841728035E-06
    4.2629989514E-05    8.8047059467E-06    5.0038643062E-01
   -6.5049845711E-03    3.8561587916E-06   -1.4817126454E-02
    4.7007611313E-06    7.5401647686E-02   -2.5138750844E-06
    3.0701552443E-02   -3.3536184064E-06   -1.8002763995E-02
    5.4784252787E-02    3.5364456101E-02    7.4646573090E-03
    3.5363080682E-02    1.3947520820E-02   -1.2967859203E-02
   -1.5357436768E-02    2.6586196836E-02   -1.8000980735E-02
    1.0797617691E-01   -3.2080082960E-08   -2.9265809951E-05
   -3.2151503408E-08    1.0797696636E-01   -6.3561276694E-06
   -2.3519457527E-05   -4.6528011503E-06   -1.4646313059E-01
    5.4777051251E-02   -3.5368311426E-02    7.4672164877E-03
   -3.5367807721E-02    1.3954006095E-02    1.2965872683E-02
   -1.5358712075E-02   -2.6585821204E-02   -1.8000680323E-02
   -2.5066856149E-01    6.5139219585E-09   -4.6608161365E-06
    6.3142108281E-09   -2.5066856508E-01   -8.7004639217E-07
   -4.5073232462E-06   -1.1724660593E-06   -3.0002899736E-01

#
# The IR spectrum
#  wavenumber T**2 TX TY  TY
#
$ir_spectrum
18
      0.00       0.0000       0.0000       0.0000       0.0000
      0.00       0.0000       0.0000       0.0000       0.0000
      0.00       0.0000       0.0000       0.0000       0.0000
      0.00       0.0000       0.0000       0.0000       0.0000
      0.00       0.0000       0.0000       0.0000       0.0000
      0.00       0.0000       0.0000       0.0000       0.0000
  -1236.57       0.0000       0.0000       0.0000       0.0000
    359.18       0.8327      -0.0174      -0.9124       0.0000
    359.19       0.8343       0.9132      -0.0174      -0.0005
    529.76       4.8232       0.0002       0.0000       2.1962
    944.51      11.7493      -3.1702       1.3034       0.0003
    944.51      11.7511      -1.3033      -3.1706       0.0002
   1225.42       1.7605       0.0002       0.0000       1.3268
   1452.46       5.4258       2.3293       0.0134      -0.0011
   1452.47       5.4477       0.0133      -2.3340       0.0001
   3135.67       0.0775       0.0006       0.0000       0.2784
   3307.01       0.4042      -0.0009      -0.6358       0.0000
   3307.04       0.4054      -0.6367       0.0009       0.0035


$end

