
$orca_hessian_file

$act_atom
  0

$act_coord
  0

$act_energy
  86317751639088691788226169809892216451848869648845425354945953716237079084478403675689336060293595627055524056798976578510244725178586395132973714196843708869859039471103506745227719144291554008356978950144.000000

$hessian
15
                    0                  1                  2                  3                  4        
    0      5.7261067722E-01  -3.2748548479E-09  -1.0891919112E-12  -1.4315429698E-01  -9.5942256839E-02
    1     -3.2748548479E-09   5.7261067722E-01  -1.2986500542E-11  -9.5942256841E-02  -1.4315429698E-01
    2     -1.0891919112E-12  -1.2986500542E-11   5.7261067878E-01   9.5942260575E-02   9.5942260572E-02
    3     -1.4315429698E-01  -9.5942256841E-02   9.5942260575E-02   1.5062641579E-01   1.0463088961E-01
    4     -9.5942256839E-02  -1.4315429698E-01   9.5942260572E-02   1.0463088961E-01   1.5062641579E-01
    5      9.5942257360E-02   9.5942257358E-02  -1.4315429779E-01  -1.0463088664E-01  -1.0463088663E-01
    6     -1.4315429706E-01   9.5942258490E-02   9.5942258592E-02  -1.0257664854E-02   1.2132418796E-02
    7      9.5942258489E-02  -1.4315429705E-01  -9.5942258585E-02  -1.2132418804E-02   1.3044843646E-02
    8      9.5942258797E-02  -9.5942258794E-02  -1.4315429701E-01   8.6866119894E-03  -1.2132417843E-02
    9     -1.4315429703E-01   9.5942258477E-02  -9.5942258594E-02   1.3044843646E-02  -1.2132418803E-02
   10      9.5942258478E-02  -1.4315429704E-01   9.5942258600E-02   1.2132418799E-02  -1.0257664848E-02
   11     -9.5942258801E-02   9.5942258805E-02  -1.4315429703E-01  -1.2132417844E-02   8.6866119821E-03
   12     -1.4315429699E-01  -9.5942256850E-02  -9.5942260571E-02  -1.0257669891E-02  -8.6866172385E-03
   13     -9.5942256853E-02  -1.4315429699E-01  -9.5942260574E-02  -8.6866172373E-03  -1.0257669892E-02
   14     -9.5942257355E-02  -9.5942257357E-02  -1.4315429778E-01   1.2132416389E-02   1.2132416392E-02
                    5                  6                  7                  8                  9        
    0      9.5942257360E-02  -1.4315429706E-01   9.5942258489E-02   9.5942258797E-02  -1.4315429703E-01
    1      9.5942257358E-02   9.5942258490E-02  -1.4315429705E-01  -9.5942258794E-02   9.5942258477E-02
    2     -1.4315429779E-01   9.5942258592E-02  -9.5942258585E-02  -1.4315429701E-01  -9.5942258594E-02
    3     -1.0463088664E-01  -1.0257664854E-02  -1.2132418804E-02   8.6866119894E-03   1.3044843646E-02
    4     -1.0463088663E-01   1.2132418796E-02   1.3044843646E-02  -1.2132417843E-02  -1.2132418803E-02
    5      1.5062641145E-01   8.6866116050E-03   1.2132418544E-02  -1.0257665176E-02   1.2132418545E-02
    6      8.6866116050E-03   1.5062641107E-01  -1.0463088566E-01  -1.0463088566E-01  -1.0257665093E-02
    7      1.2132418544E-02  -1.0463088566E-01   1.5062641106E-01   1.0463088565E-01   8.6866116572E-03
    8     -1.0257665176E-02  -1.0463088566E-01   1.0463088565E-01   1.5062641104E-01  -1.2132418495E-02
    9      1.2132418545E-02  -1.0257665093E-02   8.6866116572E-03  -1.2132418495E-02   1.5062641104E-01
   10      8.6866116004E-03   8.6866116572E-03  -1.0257665093E-02   1.2132418494E-02  -1.0463088565E-01
   11     -1.0257665170E-02   1.2132418493E-02  -1.2132418494E-02   1.3044844021E-02   1.0463088566E-01
   12     -1.2132416393E-02   1.3044843645E-02   1.2132418797E-02   1.2132417842E-02  -1.0257664853E-02
   13     -1.2132416393E-02  -1.2132418805E-02  -1.0257664852E-02  -8.6866119838E-03   1.2132418801E-02
   14      1.3044844404E-02  -1.2132418547E-02  -8.6866116008E-03  -1.0257665172E-02  -8.6866116057E-03
                   10                 11                 12                 13                 14        
    0      9.5942258478E-02  -9.5942258801E-02  -1.4315429699E-01  -9.5942256853E-02  -9.5942257355E-02
    1     -1.4315429704E-01   9.5942258805E-02  -9.5942256850E-02  -1.4315429699E-01  -9.5942257357E-02
    2      9.5942258600E-02  -1.4315429703E-01  -9.5942260571E-02  -9.5942260574E-02  -1.4315429778E-01
    3      1.2132418799E-02  -1.2132417844E-02  -1.0257669891E-02  -8.6866172373E-03   1.2132416389E-02
    4     -1.0257664848E-02   8.6866119821E-03  -8.6866172385E-03  -1.0257669892E-02   1.2132416392E-02
    5      8.6866116004E-03  -1.0257665170E-02  -1.2132416393E-02  -1.2132416393E-02   1.3044844404E-02
    6      8.6866116572E-03   1.2132418493E-02   1.3044843645E-02  -1.2132418805E-02  -1.2132418547E-02
    7     -1.0257665093E-02  -1.2132418494E-02   1.2132418797E-02  -1.0257664852E-02  -8.6866116008E-03
    8      1.2132418494E-02   1.3044844021E-02   1.2132417842E-02  -8.6866119838E-03  -1.0257665172E-02
    9     -1.0463088565E-01   1.0463088566E-01  -1.0257664853E-02   1.2132418801E-02  -8.6866116057E-03
   10      1.5062641104E-01  -1.0463088566E-01  -1.2132418803E-02   1.3044843645E-02  -1.2132418547E-02
   11     -1.0463088566E-01   1.5062641106E-01  -8.6866119894E-03   1.2132417846E-02  -1.0257665177E-02
   12     -1.2132418803E-02  -8.6866119894E-03   1.5062641581E-01   1.0463088961E-01   1.0463088664E-01
   13      1.3044843645E-02   1.2132417846E-02   1.0463088961E-01   1.5062641579E-01   1.0463088663E-01
   14     -1.2132418547E-02  -1.0257665177E-02   1.0463088664E-01   1.0463088663E-01   1.5062641144E-01

$vibrational_frequencies
15
    0        0.000000
    1        0.000000
    2        0.000000
    3        0.000000
    4        0.000000
    5        0.000000
    6     1362.836396
    7     1362.836404
    8     1362.836418
    9     1579.187946
   10     1579.187950
   11     3081.736014
   12     3219.969400
   13     3219.969412
   14     3219.969447

$normal_modes
15 15
                    0                  1                  2                  3                  4        
    0      0.0000000000E+00   0.0000000000E+00   0.0000000000E+00   0.0000000000E+00   0.0000000000E+00
    1      0.0000000000E+00   0.0000000000E+00   0.0000000000E+00   0.0000000000E+00   0.0000000000E+00
    2      0.0000000000E+00   0.0000000000E+00   0.0000000000E+00   0.0000000000E+00   0.0000000000E+00
    3      0.0000000000E+00   0.0000000000E+00   0.0000000000E+00   0.0000000000E+00   0.0000000000E+00
    4      0.0000000000E+00   0.0000000000E+00   0.0000000000E+00   0.0000000000E+00   0.0000000000E+00
    5      0.0000000000E+00   0.0000000000E+00   0.0000000000E+00   0.0000000000E+00   0.0000000000E+00
    6      0.0000000000E+00   0.0000000000E+00   0.0000000000E+00   0.0000000000E+00   0.0000000000E+00
    7      0.0000000000E+00   0.0000000000E+00   0.0000000000E+00   0.0000000000E+00   0.0000000000E+00
    8      0.0000000000E+00   0.0000000000E+00   0.0000000000E+00   0.0000000000E+00   0.0000000000E+00
    9      0.0000000000E+00   0.0000000000E+00   0.0000000000E+00   0.0000000000E+00   0.0000000000E+00
   10      0.0000000000E+00   0.0000000000E+00   0.0000000000E+00   0.0000000000E+00   0.0000000000E+00
   11      0.0000000000E+00   0.0000000000E+00   0.0000000000E+00   0.0000000000E+00   0.0000000000E+00
   12      0.0000000000E+00   0.0000000000E+00   0.0000000000E+00   0.0000000000E+00   0.0000000000E+00
   13      0.0000000000E+00   0.0000000000E+00   0.0000000000E+00   0.0000000000E+00   0.0000000000E+00
   14      0.0000000000E+00   0.0000000000E+00   0.0000000000E+00   0.0000000000E+00   0.0000000000E+00
                    5                  6                  7                  8                  9        
    0      0.0000000000E+00   8.8509782390E-02  -8.7679920423E-02  -1.1879636222E-04  -2.5835925458E-11
    1      0.0000000000E+00   8.7679974666E-02   8.8509805325E-02   2.3270815771E-05  -2.3293949926E-12
    2      0.0000000000E+00   6.8019157119E-05  -1.0013741119E-04   1.2458631495E-01   7.9483483962E-11
    3      0.0000000000E+00  -9.9961958948E-02   4.2675755614E-01  -2.3239006872E-01  -3.5569551602E-01
    4      0.0000000000E+00  -9.5939547155E-02  -4.2730487941E-01  -2.3307872542E-01   3.5137160327E-01
    5      0.0000000000E+00  -3.2941025609E-01  -1.2523248880E-03  -3.7095398811E-01  -4.3239128831E-03
    6      0.0000000000E+00  -4.2761910944E-01   9.5999354512E-02  -2.3247706668E-01   3.5569551596E-01
    7      0.0000000000E+00  -4.2644347637E-01  -1.0002214037E-01   2.3294011744E-01   3.5137160357E-01
    8      0.0000000000E+00  -1.7531055055E-03   3.2950587649E-01  -3.7086706833E-01   4.3239125126E-03
    9      0.0000000000E+00  -4.2736492426E-01   9.5625144527E-02   2.3309787386E-01  -3.5569551580E-01
   10      0.0000000000E+00  -4.2669766183E-01  -9.9647930157E-02  -2.3263482313E-01  -3.5137160346E-01
   11      0.0000000000E+00   1.3478584080E-03  -3.2890927417E-01  -3.7139796862E-01   4.3239124144E-03
   12      0.0000000000E+00  -9.9707773514E-02   4.2638334582E-01   2.3318480035E-01   3.5569551616E-01
   13      0.0000000000E+00  -9.5685361977E-02  -4.2767908951E-01   2.3249614364E-01  -3.5137160336E-01
   14      0.0000000000E+00   3.2900500905E-01   1.8489273719E-03  -3.7131096393E-01  -4.3239129909E-03
                   10                 11                 12                 13                 14        
    0      9.1736352201E-12  -1.1274401162E-11   6.5511966592E-02   6.5244224023E-02   4.2976568089E-07
    1     -1.0273304746E-11   6.5805698173E-12   6.5244222926E-02  -6.5511965934E-02   1.5124470467E-05
    2     -7.6292380392E-09  -2.4385890645E-08  -1.0977209447E-05   1.0413226454E-05   9.2458779814E-02
    3      2.0036808474E-01   2.8867506835E-01  -4.0213063108E-01   1.3466011281E-02   2.9321069780E-01
    4      2.0785732127E-01   2.8867506835E-01  -4.0218227123E-01  -1.1753151451E-02   2.9321353198E-01
    5      4.0822541739E-01  -2.8867505781E-01   4.1476391609E-01  -8.8024141464E-04  -2.7537792198E-01
    6     -2.0036806463E-01  -2.8867520497E-01   1.1751358030E-02  -4.0211442577E-01   2.9330648281E-01
    7      2.0785730103E-01   2.8867520494E-01   1.3467806187E-02   4.0206278593E-01  -2.9330348283E-01
    8     -4.0822537200E-01   2.8867520299E-01   8.8192695885E-04   4.1470019558E-01  -2.7547371897E-01
    9      2.0036806462E-01   2.8867520510E-01   1.1820992837E-02  -4.0218048273E-01  -2.9321309999E-01
   10     -2.0785730104E-01  -2.8867520508E-01   1.3398171371E-02   4.0212884289E-01   2.9321609997E-01
   11     -4.0822537188E-01   2.8867520315E-01  -8.1652652665E-04  -4.1476223579E-01  -2.7538050196E-01
   12     -2.0036808485E-01  -2.8867506834E-01  -4.0206099632E-01   1.3399954026E-02  -2.9330920157E-01
   13     -2.0785732114E-01  -2.8867506829E-01  -4.0211263645E-01  -1.1819208691E-02  -2.9330636738E-01
   14      4.0822541740E-01  -2.8867505776E-01  -4.1469851567E-01   8.1820101260E-04  -2.7547659155E-01

#
# The atoms: label  mass x y z (in bohrs)
#
$atoms
5
 C     12.01100     -0.000000000010     0.000000000019    -0.000000000008
 H      1.00800     -1.188930613655    -1.188930613679     1.188930613660
 H      1.00800      1.188930613672    -1.188930613696    -1.188930613661
 H      1.00800     -1.188930613686     1.188930613681    -1.188930613675
 H      1.00800      1.188930613680     1.188930613675     1.188930613685

$actual_temperature
  0.000000

$frequency_scale_factor
  1.000000

$dipole_derivatives
15
   -1.1463660053E-02    2.5026634908E-09    2.4224910824E-11
    2.4985597439E-09   -1.1463660081E-02   -1.0768740771E-12
    1.9158330043E-11    1.8152564521E-11   -1.1463669436E-02
    2.8170366334E-03   -6.7755561607E-02    6.7755545525E-02
   -6.7755561608E-02    2.8170366427E-03    6.7755545523E-02
    6.7755560345E-02    6.7755560343E-02    2.8170413625E-03
    2.8170388611E-03    6.7755560340E-02    6.7755560337E-02
    6.7755560361E-02    2.8170388664E-03   -6.7755560350E-02
    6.7755560335E-02   -6.7755560340E-02    2.8170388636E-03
    2.8170388713E-03    6.7755560353E-02   -6.7755560363E-02
    6.7755560346E-02    2.8170388744E-03    6.7755560341E-02
   -6.7755560341E-02    6.7755560335E-02    2.8170388651E-03
    2.8170366489E-03   -6.7755561597E-02   -6.7755545521E-02
   -6.7755561594E-02    2.8170366527E-03   -6.7755545511E-02
   -6.7755560352E-02   -6.7755560348E-02    2.8170413740E-03

#
# The IR spectrum
#  wavenumber T**2 TX TY  TY
#
$ir_spectrum
15
      0.00       0.0000       0.0000       0.0000       0.0000
      0.00       0.0000       0.0000       0.0000       0.0000
      0.00       0.0000       0.0000       0.0000       0.0000
      0.00       0.0000       0.0000       0.0000       0.0000
      0.00       0.0000       0.0000       0.0000       0.0000
      0.00       0.0000       0.0000       0.0000       0.0000
   1362.84      14.3647      -2.6926      -2.6673      -0.0021
   1362.84      14.3647       2.6673      -2.6926       0.0030
   1362.84      14.3647       0.0036      -0.0007      -3.7901
   1579.19       0.0000       0.0000      -0.0000       0.0000
   1579.19       0.0000      -0.0000       0.0000      -0.0000
   3081.74       0.0000      -0.0000       0.0000      -0.0000
   3219.97      21.1970       3.2622       3.2489      -0.0005
   3219.97      21.1970       3.2489      -3.2622       0.0005
   3219.97      21.1970       0.0000       0.0008       4.6040


$end

