
$orca_hessian_file

$act_atom
  0

$act_coord
  0

$act_energy
        0.000000

$hessian
18
                    0                  1                  2                  3                  4        
    0      6.4132891702E-01  -7.3077848552E-12   8.6195212979E-08  -1.3572231210E-01   1.3508479726E-01
    1     -7.3077848552E-12   6.4132918067E-01   3.3414519320E-12   1.3508453608E-01  -2.9170798112E-01
    2      8.6195212979E-08   3.3414519320E-12   3.4158043170E-02  -8.7452859738E-03   1.5147129287E-02
    3     -1.3572231210E-01   1.3508453608E-01  -8.7452859738E-03   1.3171247588E-01  -1.4531743208E-01
    4      1.3508479726E-01  -2.9170798112E-01   1.5147129287E-02  -1.4531743208E-01   2.9951821213E-01
    5     -1.2592507852E-02   2.1810857364E-02  -1.0897173408E-02   1.0392731667E-02  -1.8001168645E-02
    6     -3.6969924376E-01  -1.8345665215E-12   1.7490301541E-02  -6.6800037690E-03  -4.5856831684E-03
    7      1.1596416252E-11  -5.7736570199E-02  -9.5549550825E-12   2.4746076579E-02   4.9581377516E-03
    8      2.5184939655E-02  -1.2027271099E-11  -1.0897201664E-02  -2.4838676423E-03   3.1939953596E-04
    9     -6.3456960966E-04  -1.4103146643E-12  -4.9979257734E-09  -8.7631035847E-05   2.5346399799E-04
   10      1.3691545577E-12  -6.3457817105E-04  -5.2158240776E-14   2.5312959013E-04  -3.8032881851E-04
   11     -1.4903889807E-08   8.6861074432E-13   5.5227325831E-03  -2.3474937118E-04   4.0965345744E-04
   12     -1.3572231210E-01  -1.3508453607E-01  -8.7452859770E-03   1.0771795413E-02   1.4668142177E-02
   13     -1.3508479725E-01  -2.9170798108E-01  -1.5147129286E-02  -1.4668142167E-02  -1.2501023075E-02
   14     -1.2592507863E-02  -2.1810857356E-02  -1.0897173410E-02   9.6557235090E-04   2.3108255580E-03
   15      4.5176141235E-04  -1.2513797015E-12   7.4306389520E-10   1.8650908411E-06  -9.8726655123E-05
   16      1.2113341958E-12   4.5176413235E-04   2.3236767808E-12  -9.8358061986E-05   1.1592979141E-04
   17      4.7588321621E-09   1.8637284696E-13  -6.9606272627E-03   1.0862043749E-04  -1.9107251964E-04
                    5                  6                  7                  8                  9        
    0     -1.2592507852E-02  -3.6969924376E-01   1.1596416252E-11   2.5184939655E-02  -6.3456960966E-04
    1      2.1810857364E-02  -1.8345665215E-12  -5.7736570199E-02  -1.2027271099E-11  -1.4103146643E-12
    2     -1.0897173408E-02   1.7490301541E-02  -9.5549550825E-12  -1.0897201664E-02  -4.9979257734E-09
    3      1.0392731667E-02  -6.6800037690E-03   2.4746076579E-02  -2.4838676423E-03  -8.7631035847E-05
    4     -1.8001168645E-02  -4.5856831684E-03   4.9581377516E-03   3.1939953596E-04   2.5346399799E-04
    5      5.4564003075E-03   1.5185676283E-03  -1.9941063681E-03   2.9663625267E-03  -4.0343065363E-04
    6      1.5185676283E-03   3.8341832932E-01  -4.8853969579E-12  -2.0785886562E-02  -5.2666410201E-04
    7     -1.9941063681E-03  -4.8853969579E-12   4.7816986019E-02   1.1019165902E-11  -5.2915566853E-13
    8      2.9663625267E-03  -2.0785886562E-02   1.1019165902E-11   5.4564214342E-03   8.0686205747E-04
    9     -4.0343065363E-04  -5.2666410201E-04  -5.2915566853E-13   8.0686205747E-04   2.8441823208E-03
   10      6.9876283373E-04  -1.2405146385E-12   5.8863213140E-05   1.1667967296E-12   1.9677062653E-13
   11     -8.7200271375E-04   4.7304620780E-04  -4.7709062658E-14  -8.7200214698E-04   3.8496670058E-08
   12      9.6557234872E-04  -6.6800037673E-03  -2.4746076586E-02  -2.4838676456E-03  -8.7631034938E-05
   13     -2.3108255586E-03   4.5856831617E-03   4.9581377444E-03  -3.1939953240E-04  -2.5346399683E-04
   14      2.9663553593E-03   1.5185676257E-03   1.9941063657E-03   2.9663625305E-03  -4.0343065421E-04
   15      1.1916995580E-04   1.7292724165E-04   8.2633897103E-13  -2.3833991699E-04  -1.5077961883E-03
   16     -2.0640850277E-04   2.6456401664E-12  -5.5325793590E-05  -1.1546265489E-12  -4.1451509173E-14
   17      3.7063050021E-04  -2.2063936580E-04   1.3346575462E-12   3.7062986166E-04  -3.4246859065E-08
                   10                 11                 12                 13                 14        
    0      1.3691545577E-12  -1.4903889807E-08  -1.3572231210E-01  -1.3508479725E-01  -1.2592507863E-02
    1     -6.3457817105E-04   8.6861074432E-13  -1.3508453607E-01  -2.9170798108E-01  -2.1810857356E-02
    2     -5.2158240776E-14   5.5227325831E-03  -8.7452859770E-03  -1.5147129286E-02  -1.0897173410E-02
    3      2.5312959013E-04  -2.3474937118E-04   1.0771795413E-02  -1.4668142167E-02   9.6557235090E-04
    4     -3.8032881851E-04   4.0965345744E-04   1.4668142177E-02  -1.2501023075E-02   2.3108255580E-03
    5      6.9876283373E-04  -8.7200271375E-04   9.6557234872E-04  -2.3108255586E-03   2.9663553593E-03
    6     -1.2405146385E-12   4.7304620780E-04  -6.6800037673E-03   4.5856831617E-03   1.5185676257E-03
    7      5.8863213140E-05  -4.7709062658E-14  -2.4746076586E-02   4.9581377444E-03   1.9941063657E-03
    8      1.1667967296E-12  -8.7200214698E-04  -2.4838676456E-03  -3.1939953240E-04   2.9663625305E-03
    9      1.9677062653E-13   3.8496670058E-08  -8.7631034938E-05  -2.5346399683E-04  -4.0343065421E-04
   10      2.8441865412E-03  -3.0368665796E-12  -2.5312959167E-04  -3.8032882709E-04  -6.9876283702E-04
   11     -3.0368665796E-12   3.3066602099E-01  -2.3474937158E-04  -4.0965345735E-04  -8.7200271801E-04
   12     -2.5312959167E-04  -2.3474937158E-04   1.3171247588E-01   1.4531743207E-01   1.0392731673E-02
   13     -3.8032882709E-04  -4.0965345735E-04   1.4531743207E-01   2.9951821211E-01   1.8001168637E-02
   14     -6.9876283702E-04  -8.7200271801E-04   1.0392731673E-02   1.8001168637E-02   5.4564002893E-03
   15      1.0435534382E-12  -3.2534857125E-08   1.8650904204E-06   9.8726657123E-05   1.1916996092E-04
   16     -1.5077972677E-03   6.1956573360E-12   9.8358060490E-05   1.1592978936E-04   2.0640850980E-04
   17      5.3952182118E-12  -3.3358160268E-01   1.0862043932E-04   1.9107252280E-04   3.7063052079E-04
                   15                 16                 17        
     0      4.5176141235E-04   1.2113341958E-12   4.7588321621E-09
     1     -1.2513797015E-12   4.5176413235E-04   1.8637284696E-13
     2      7.4306389520E-10   2.3236767808E-12  -6.9606272627E-03
     3      1.8650908411E-06  -9.8358061986E-05   1.0862043749E-04
     4     -9.8726655123E-05   1.1592979141E-04  -1.9107251964E-04
     5      1.1916995580E-04  -2.0640850277E-04   3.7063050021E-04
     6      1.7292724165E-04   2.6456401664E-12  -2.2063936580E-04
     7      8.2633897103E-13  -5.5325793590E-05   1.3346575462E-12
     8     -2.3833991699E-04  -1.1546265489E-12   3.7062986166E-04
     9     -1.5077961883E-03  -4.1451509173E-14  -3.4246859065E-08
    10      1.0435534382E-12  -1.5077972677E-03   5.3952182118E-12
    11     -3.2534857125E-08   6.1956573360E-12  -3.3358160268E-01
    12      1.8650904204E-06   9.8358060490E-05   1.0862043932E-04
    13      9.8726657123E-05   1.1592978936E-04   1.9107252280E-04
    14      1.1916996092E-04   2.0640850980E-04   3.7063052079E-04
    15      8.7952604615E-04  -2.0521830248E-12   3.1790051791E-08
    16     -2.0521830248E-12   8.7952640280E-04  -1.4725695252E-11
    17      3.1790051791E-08  -1.4725695252E-11   3.3943887807E-01

$vibrational_frequencies
18
    0        0.000000
    1        0.000000
    2        0.000000
    3        0.000000
    4        0.000000
    5        0.000000
    6       84.680860
    7      120.053289
    8      120.070161
    9      294.697441
   10      294.699456
   11      583.458006
   12     1446.562711
   13     1446.609470
   14     2986.434052
   15     3169.552888
   16     3362.305931
   17     3362.313026

$normal_modes
18 18
                    0                  1                  2                  3                  4        
    0      0.0000000000E+00   0.0000000000E+00   0.0000000000E+00   0.0000000000E+00   0.0000000000E+00
    1      0.0000000000E+00   0.0000000000E+00   0.0000000000E+00   0.0000000000E+00   0.0000000000E+00
    2      0.0000000000E+00   0.0000000000E+00   0.0000000000E+00   0.0000000000E+00   0.0000000000E+00
    3      0.0000000000E+00   0.0000000000E+00   0.0000000000E+00   0.0000000000E+00   0.0000000000E+00
    4      0.0000000000E+00   0.0000000000E+00   0.0000000000E+00   0.0000000000E+00   0.0000000000E+00
    5      0.0000000000E+00   0.0000000000E+00   0.0000000000E+00   0.0000000000E+00   0.0000000000E+00
    6      0.0000000000E+00   0.0000000000E+00   0.0000000000E+00   0.0000000000E+00   0.0000000000E+00
    7      0.0000000000E+00   0.0000000000E+00   0.0000000000E+00   0.0000000000E+00   0.0000000000E+00
    8      0.0000000000E+00   0.0000000000E+00   0.0000000000E+00   0.0000000000E+00   0.0000000000E+00
    9      0.0000000000E+00   0.0000000000E+00   0.0000000000E+00   0.0000000000E+00   0.0000000000E+00
   10      0.0000000000E+00   0.0000000000E+00   0.0000000000E+00   0.0000000000E+00   0.0000000000E+00
   11      0.0000000000E+00   0.0000000000E+00   0.0000000000E+00   0.0000000000E+00   0.0000000000E+00
   12      0.0000000000E+00   0.0000000000E+00   0.0000000000E+00   0.0000000000E+00   0.0000000000E+00
   13      0.0000000000E+00   0.0000000000E+00   0.0000000000E+00   0.0000000000E+00   0.0000000000E+00
   14      0.0000000000E+00   0.0000000000E+00   0.0000000000E+00   0.0000000000E+00   0.0000000000E+00
   15      0.0000000000E+00   0.0000000000E+00   0.0000000000E+00   0.0000000000E+00   0.0000000000E+00
   16      0.0000000000E+00   0.0000000000E+00   0.0000000000E+00   0.0000000000E+00   0.0000000000E+00
   17      0.0000000000E+00   0.0000000000E+00   0.0000000000E+00   0.0000000000E+00   0.0000000000E+00
                    5                  6                  7                  8                  9        
    0      0.0000000000E+00   3.2248865159E-07  -1.0023058782E-06  -2.2411815163E-02   3.4630897707E-02
    1      0.0000000000E+00  -6.4198354717E-10  -2.2414363406E-02   1.0023832213E-06  -5.3831871185E-08
    2      0.0000000000E+00  -4.9348575128E-01   2.7934712214E-09  -5.5500385654E-07   4.3088783896E-08
    3      0.0000000000E+00  -2.2841292678E-04   2.6146178296E-04   2.2889070052E-02   1.6508849057E-02
    4      0.0000000000E+00   3.9410048192E-04   2.2606485484E-02   2.4670314193E-04   1.1227310288E-03
    5      0.0000000000E+00  -4.7345955209E-01   6.5158132663E-01  -3.7623348332E-01   1.5715018034E-01
    6      0.0000000000E+00   4.5525544810E-04   1.0043111704E-06   2.2458331875E-02   1.4563560144E-02
    7      0.0000000000E+00   6.2490711770E-10   2.3057550019E-02  -1.0312512115E-06  -2.6574805094E-08
    8      0.0000000000E+00  -4.7346989859E-01   3.3650533028E-05   7.5240189025E-01  -3.1429944612E-01
    9      0.0000000000E+00   3.1230474453E-06  -1.7232616552E-05  -3.8535892500E-01  -9.2178769359E-01
   10      0.0000000000E+00  -1.0250422990E-08  -3.8536675718E-01   1.7234052783E-05   1.4317653798E-06
   11      0.0000000000E+00   2.0809878662E-01  -1.1727949610E-09   1.7241650168E-07  -8.1091356529E-08
   12      0.0000000000E+00  -2.2841293643E-04  -2.5941449571E-04   2.2889093441E-02   1.6508852492E-02
   13      0.0000000000E+00  -3.9409924882E-04   2.2606463298E-02  -2.4872514009E-04  -1.1227782289E-03
   14      0.0000000000E+00  -4.7345958868E-01  -6.5161497018E-01  -3.7617520393E-01   1.5714933336E-01
   15      0.0000000000E+00  -1.5339927782E-07   7.4276259215E-07   1.6609249457E-02   1.3122961978E-02
   16      0.0000000000E+00   4.5610851934E-10   1.6609368666E-02  -7.4278269021E-07  -2.0372883585E-08
   17      0.0000000000E+00   2.0165418817E-01  -1.1117945591E-09   3.7637797184E-07  -1.4214016959E-08
                   10                 11                 12                 13                 14        
    0      5.3798104269E-08   5.2262031121E-07   9.1969580294E-02   4.9043196551E-08  -1.7676441909E-09
    1      3.4632563078E-02  -9.6479326935E-12   4.9045382242E-08  -9.1967275092E-02   6.3963419686E-13
    2     -6.7846086717E-11  -1.3953113570E-01   9.8767136090E-07  -8.0200937064E-12  -1.2724788092E-03
    3      1.1165289730E-03  -1.7023568265E-02  -5.8666332276E-01   3.8361114731E-01  -6.4051223852E-03
    4      1.5209887014E-02   2.9477623875E-02  -3.8359905167E-01   1.4369727230E-01   1.1084077246E-02
    5     -2.7219604712E-01   5.7067785714E-01  -2.1775172079E-02  -3.7735965901E-02   2.0328907893E-03
    6      2.2637053048E-08   3.4040321516E-02   7.7786625082E-02   4.1507851889E-08   1.2810255481E-02
    7      1.7143572040E-02  -3.9753902097E-11  -4.3100236610E-07   8.0813201922E-01   2.5110637652E-13
    8     -4.8807532745E-07   5.7068162324E-01   4.3539764338E-02   2.3368499994E-08   2.0327096085E-03
    9     -1.4322367353E-06  -1.2104776159E-06  -1.7974083885E-03  -9.6365197946E-10   9.8882909724E-08
   10     -9.2178503923E-01  -5.6826566502E-11  -9.8600393343E-10   1.7941804006E-03   9.9384542391E-12
   11      1.7564537332E-11   5.3368612895E-03   7.7857821696E-06   5.5958517215E-12  -9.9933582927E-01
   12     -1.1164776751E-03  -1.7023568218E-02  -5.8666291356E-01  -3.8361177306E-01  -6.4051223905E-03
   13      1.5209883501E-02  -2.9477623872E-02   3.8359889842E-01   1.4369768149E-01  -1.1084077254E-02
   14      2.7219653524E-01   5.7067785646E-01  -2.1775212426E-02   3.7735942616E-02   2.0328908029E-03
   15      2.0393172922E-08   5.1122753415E-08   4.1437589842E-05   2.3630932747E-11  -2.5169559482E-09
   16      1.3122831781E-02   5.9364480096E-12   2.3574982435E-11  -4.1767452932E-05  -2.6378746918E-13
   17      2.1424475677E-11  -1.5571241029E-03  -2.5402253855E-07   1.8459926474E-13   2.8670831234E-02
                   15                 16                 17        
     0      3.4919039889E-06   1.0009159212E-01   5.9485694345E-07
     1      1.8428850344E-11   5.9486096198E-07  -1.0009240178E-01
     2      6.9022750305E-03  -3.4398960934E-07  -8.7605217235E-13
     3     -2.8826690487E-01  -1.9141623629E-01  -3.5761213984E-01
     4      4.9932226855E-01   3.5758062500E-01   6.0437571223E-01
     5     -2.7772547654E-02  -2.3968534268E-02  -4.1517450280E-02
     6      5.7649216593E-01  -8.1087429806E-01  -4.8190289890E-06
     7      5.0089751343E-12   8.9326356526E-08  -1.5026926461E-02
     8     -2.7769252505E-02   4.7941751605E-02   2.8492334146E-07
     9     -5.2792537759E-07   1.4854463343E-03   8.8306481947E-09
    10      1.1409703195E-11   8.8369964281E-09  -1.4851853228E-03
    11      2.1306736452E-02  -8.1791324442E-06  -5.0971242932E-11
    12     -2.8826690500E-01  -1.9142048697E-01   3.5760986448E-01
    13     -4.9932226877E-01  -3.5758780875E-01   6.0437146166E-01
    14     -2.7772547673E-02  -2.3969027749E-02   4.1517165359E-02
    15      1.6020717643E-08  -1.2318658909E-05  -7.3118228696E-11
    16     -2.5803277660E-13  -7.3505860514E-11   1.2323221829E-05
    17     -5.7539709251E-04   2.2996984452E-07   1.6858882550E-12

#
# The atoms: label  mass x y z (in bohrs)
#
$atoms
6
 C     12.01100      0.000000396336    -0.000000000002    -4.825761443297
 H      1.00800     -1.018692601222     1.764428284823    -4.945407379120
 H      1.00800      2.037386627445    -0.000000000001    -4.945407037469
 H      1.00800     -0.000000069181     0.000000000002    -0.325564996771
 H      1.00800     -1.018692601225    -1.764428284830    -4.945407379156
 Cl    35.45300      0.000000137573     0.000000000008     2.092998259972

$actual_temperature
  0.000000

$frequency_scale_factor
  1.000000

$dipole_derivatives
18
    6.3617717627E-03   -2.6675987948E-11    1.6516980066E-06
   -3.6632526256E-10    6.3615923301E-03   -2.0432256098E-10
    3.7903273577E-08    9.7127279171E-12   -5.7779269449E-01
    3.1794541896E-02    3.4566797480E-02    1.5087665145E-03
    3.4507005873E-02   -8.0219439885E-03   -2.9337013754E-03
   -6.7098526856E-03    1.1621747066E-02    1.6262138936E-01
   -2.7942609154E-02    2.2786604699E-12   -3.3892092069E-03
    5.7491537503E-12    5.1686321943E-02   -6.6668620635E-11
    1.3419660105E-02   -8.4193540077E-12    1.6262124450E-01
    1.8921821460E-01   -1.2622774137E-12   -3.1324349287E-08
    2.4465678228E-10    1.8921821084E-01    4.0606196926E-10
   -3.5650837078E-08   -4.1409517830E-12    4.7824006406E-01
    3.1794541883E-02   -3.4566797471E-02    1.5087665251E-03
   -3.4507005889E-02   -8.0219439928E-03    2.9337013656E-03
   -6.7098526941E-03   -1.1621747054E-02    1.6262138936E-01
   -2.3112754659E-01    3.2056070673E-12    7.3888352805E-09
   -5.0331697871E-11   -2.3112756306E-01   -1.6897191735E-10
    4.3254357171E-08   -1.8592695248E-12   -3.8865679917E-01

#
# The IR spectrum
#  wavenumber T**2 TX TY  TY
#
$ir_spectrum
18
      0.00       0.0000       0.0000       0.0000       0.0000
      0.00       0.0000       0.0000       0.0000       0.0000
      0.00       0.0000       0.0000       0.0000       0.0000
      0.00       0.0000       0.0000       0.0000       0.0000
      0.00       0.0000       0.0000       0.0000       0.0000
      0.00       0.0000       0.0000       0.0000       0.0000
     84.68       1.0861       0.0000      -0.0000       1.0421
    120.05       3.5352      -0.0001      -1.8802      -0.0000
    120.07       3.5352      -1.8802       0.0001      -0.0003
    294.70      31.7297      -5.6329       0.0000      -0.0002
    294.70      31.7299      -0.0000      -5.6329      -0.0000
    583.46     104.4337       0.0000      -0.0000      10.2193
   1446.56       3.7226      -1.9294      -0.0000       0.0065
   1446.61       3.7261      -0.0000       1.9303       0.0000
   2986.43     223.5361      -0.0000       0.0000     -14.9511
   3169.55       0.1603       0.0006       0.0000      -0.4004
   3362.31       1.1967       1.0940       0.0000       0.0021
   3362.31       1.1988       0.0000      -1.0949       0.0000


$end

