
$orca_hessian_file

$act_atom
  0

$act_coord
  0

$act_energy
  -8430266213428234733884062703110717082350573969415083874306638542352135303453032110126921709164351736300699648.000000

$hessian
12
                    0                  1                  2                  3                  4        
    0      6.4589416684E-01  -1.0119152749E-11   4.1076617582E-13  -3.7126810117E-01  -1.3549257573E-11
    1     -1.0119152749E-11   6.4589437319E-01   6.2648173759E-13   1.3645020003E-11  -5.9338593690E-02
    2      4.1076617582E-13   6.2648173759E-13   1.6126050844E-02  -1.5879348267E-11   1.6799852175E-13
    3     -3.7126810117E-01   1.3645020003E-11  -1.5879348267E-11   3.8461829686E-01   1.1180259957E-11
    4     -1.3549257573E-11  -5.9338593690E-02   1.6799852175E-13   1.1180259957E-11   4.8643505679E-02
    5     -1.4288730189E-13   2.8705818920E-13  -5.3592304758E-03  -5.3925816358E-12  -2.3131497057E-13
    6     -1.3731506263E-01   1.3506515939E-01   8.0570176402E-12  -6.6743813043E-03   2.4996640606E-02
    7      1.3507120770E-01  -2.9328490710E-01  -1.3659117440E-11  -4.1805727308E-03   5.3479526955E-03
    8     -2.1662533801E-13  -4.0733475277E-13  -5.3592109088E-03  -5.1996859408E-12   7.7223527416E-14
    9     -1.3731506265E-01  -1.3506515939E-01   7.4115623421E-12  -6.6743812820E-03  -2.4996640603E-02
   10     -1.3507120769E-01  -2.9328490713E-01   1.2864638096E-11   4.1805727208E-03   5.3479527055E-03
   11      6.8789816709E-14  -1.8875109377E-13  -5.3592109196E-03   3.8138386849E-12   9.5026751134E-14
                    5                  6                  7                  8                  9        
    0     -1.4288730189E-13  -1.3731506263E-01   1.3507120770E-01  -2.1662533801E-13  -1.3731506265E-01
    1      2.8705818920E-13   1.3506515939E-01  -2.9328490710E-01  -4.0733475277E-13  -1.3506515939E-01
    2     -5.3592304758E-03   8.0570176402E-12  -1.3659117440E-11  -5.3592109088E-03   7.4115623421E-12
    3     -5.3925816358E-12  -6.6743813043E-03  -4.1805727308E-03  -5.1996859408E-12  -6.6743812820E-03
    4     -2.3131497057E-13   2.4996640606E-02   5.3479526955E-03   7.7223527416E-14  -2.4996640603E-02
    5      1.7976085018E-03   2.6529704414E-12  -4.6123785139E-12   1.7727445529E-03   2.8824962304E-12
    6      2.6529704414E-12   1.3263215765E-01  -1.4547936944E-01   2.6573801534E-12   1.1358599534E-02
    7     -4.6123785139E-12  -1.4547936944E-01   3.0062435267E-01  -4.4590802203E-12   1.4586230452E-02
    8      1.7727445529E-03   2.6573801534E-12  -4.4590802203E-12   1.7976012671E-03   2.7589332951E-12
    9      2.8824962304E-12   1.1358599534E-02   1.4586230452E-02   2.7589332951E-12   1.3263215765E-01
   10      4.5566346540E-12  -1.4586230450E-02  -1.2680789600E-02   4.7891885330E-12   1.4547936944E-01
   11      1.7727445581E-03  -1.9125213181E-12   3.4342261239E-12   1.7727322508E-03  -1.9701049787E-12
                   10                 11        
     0     -1.3507120769E-01   6.8789816709E-14
     1     -2.9328490713E-01  -1.8875109377E-13
     2      1.2864638096E-11  -5.3592109196E-03
     3      4.1805727208E-03   3.8138386849E-12
     4      5.3479527055E-03   9.5026751134E-14
     5      4.5566346540E-12   1.7727445581E-03
     6     -1.4586230450E-02  -1.9125213181E-12
     7     -1.2680789600E-02   3.4342261239E-12
     8      4.7891885330E-12   1.7727322508E-03
     9      1.4547936944E-01  -1.9701049787E-12
    10      3.0062435269E-01  -3.3404991426E-12
    11     -3.3404991426E-12   1.7976012720E-03

$vibrational_frequencies
12
    0        0.000000
    1        0.000000
    2        0.000000
    3        0.000000
    4        0.000000
    5        0.000000
    6      418.974753
    7     1457.284659
    8     1457.306796
    9     3172.928860
   10     3361.480233
   11     3361.497539

$normal_modes
12 12
                    0                  1                  2                  3                  4        
    0      0.0000000000E+00   0.0000000000E+00   0.0000000000E+00   0.0000000000E+00   0.0000000000E+00
    1      0.0000000000E+00   0.0000000000E+00   0.0000000000E+00   0.0000000000E+00   0.0000000000E+00
    2      0.0000000000E+00   0.0000000000E+00   0.0000000000E+00   0.0000000000E+00   0.0000000000E+00
    3      0.0000000000E+00   0.0000000000E+00   0.0000000000E+00   0.0000000000E+00   0.0000000000E+00
    4      0.0000000000E+00   0.0000000000E+00   0.0000000000E+00   0.0000000000E+00   0.0000000000E+00
    5      0.0000000000E+00   0.0000000000E+00   0.0000000000E+00   0.0000000000E+00   0.0000000000E+00
    6      0.0000000000E+00   0.0000000000E+00   0.0000000000E+00   0.0000000000E+00   0.0000000000E+00
    7      0.0000000000E+00   0.0000000000E+00   0.0000000000E+00   0.0000000000E+00   0.0000000000E+00
    8      0.0000000000E+00   0.0000000000E+00   0.0000000000E+00   0.0000000000E+00   0.0000000000E+00
    9      0.0000000000E+00   0.0000000000E+00   0.0000000000E+00   0.0000000000E+00   0.0000000000E+00
   10      0.0000000000E+00   0.0000000000E+00   0.0000000000E+00   0.0000000000E+00   0.0000000000E+00
   11      0.0000000000E+00   0.0000000000E+00   0.0000000000E+00   0.0000000000E+00   0.0000000000E+00
                    5                  6                  7                  8                  9        
    0      0.0000000000E+00  -1.5752373386E-13  -9.2272019050E-02  -1.2766448497E-07   2.2539939049E-06
    1      0.0000000000E+00   1.3558746894E-14  -1.2766183055E-07   9.2269525032E-02  -1.1346571721E-11
    2      0.0000000000E+00   1.4384727368E-01  -1.9038128570E-13  -1.1166848349E-13   8.8906756823E-13
    3      0.0000000000E+00  -4.3216891237E-12  -7.6421833060E-02  -1.0574321326E-07   5.7733538924E-01
    4      0.0000000000E+00  -7.1455169729E-13   1.1198713302E-06  -8.0941176917E-01  -2.4775338170E-11
    5      0.0000000000E+00  -5.7134566128E-01   7.4714657444E-13   4.4353500844E-13  -3.5312790600E-12
    6      0.0000000000E+00   2.5271643263E-12   5.8795312423E-01  -3.8358540917E-01  -2.8868112361E-01
    7      0.0000000000E+00  -3.0155984166E-12   3.8358140032E-01  -1.4502040277E-01   5.0000513312E-01
    8      0.0000000000E+00  -5.7134582224E-01   7.6068742742E-13   4.5135263046E-13  -3.5312803916E-12
    9      0.0000000000E+00   3.6715263523E-12   5.8795206281E-01   3.8358703612E-01  -2.8868112349E-01
   10      0.0000000000E+00   3.5685884979E-12  -3.8358099902E-01  -1.4502146414E-01  -5.0000513296E-01
   11      0.0000000000E+00  -5.7134582224E-01   7.6068744905E-13   4.3571767378E-13  -3.5312803917E-12
                   10                 11        
     0      1.1499596909E-07   1.0045159331E-01
     1     -1.0045395695E-01   1.1499794295E-07
     2     -8.6665905709E-14   2.6626059628E-14
     3     -9.2993790800E-07  -8.1225324359E-01
     4     -1.4257019287E-02   1.6312225370E-08
     5      3.4422752380E-13  -9.5928487593E-14
     6     -3.5788443514E-01  -1.9234721816E-01
     7      6.0561725105E-01   3.5788121865E-01
     8      3.3571669514E-13  -1.1066947771E-13
     9      3.5788399483E-01  -1.9234803754E-01
    10      6.0561643182E-01  -3.5788260524E-01
    11      3.5273851266E-13  -1.1066949719E-13

#
# The atoms: label  mass x y z (in bohrs)
#
$atoms
4
 C     12.01100      0.000000329138    -0.000000000001     0.000000000000
 H      1.00800      2.034570913626     0.000000000000    -0.000000000000
 H      1.00800     -1.017284676519     1.761989944223    -0.000000000000
 H      1.00800     -1.017284676519    -1.761989944222    -0.000000000000

$actual_temperature
  0.000000

$frequency_scale_factor
  1.000000

$dipole_derivatives
12
    1.0410183886E-03   -1.7732876365E-11   -4.9819764604E-16
    2.0572603826E-10    1.0409146707E-03   -8.5904160202E-17
    3.4293054223E-13    1.2897579654E-12   -4.3111584837E-01
   -3.9499028320E-02   -9.2110566272E-12    2.7167887548E-15
    6.0877150495E-11    3.8751339367E-02    1.3763325810E-16
   -2.5494474782E-13   -4.6612846965E-13    1.4349254732E-01
    1.9260782278E-02    3.3842232610E-02   -7.0092287274E-16
    3.3921084787E-02   -1.9917613391E-02    2.4338599312E-15
    3.7586848102E-13   -2.2354958731E-13    1.4349257860E-01
    1.9260782321E-02   -3.3842232584E-02   -1.5478329157E-15
   -3.3921084772E-02   -1.9917613401E-02   -2.4968577612E-15
   -2.3144499010E-13    8.1492674769E-14    1.4349257860E-01

#
# The IR spectrum
#  wavenumber T**2 TX TY  TY
#
$ir_spectrum
12
      0.00       0.0000       0.0000       0.0000       0.0000
      0.00       0.0000       0.0000       0.0000       0.0000
      0.00       0.0000       0.0000       0.0000       0.0000
      0.00       0.0000       0.0000       0.0000       0.0000
      0.00       0.0000       0.0000       0.0000       0.0000
      0.00       0.0000       0.0000       0.0000       0.0000
    418.97      74.8273       0.0000       0.0000      -8.6503
   1457.28       2.3556       1.5348       0.0000       0.0000
   1457.31       2.3430       0.0000      -1.5307       0.0000
   3172.93       0.0000      -0.0001      -0.0000      -0.0000
   3361.48       2.0922       0.0000      -1.4464       0.0000
   3361.50       2.0967       1.4480       0.0000      -0.0000


$end

