
$orca_hessian_file

$act_atom
  0

$act_coord
  0

$act_energy
        0.000000

$hessian
18
                    0                  1                  2                  3                  4        
    0      6.1187946238E-01  -5.2340911248E-07  -4.6660817156E-05  -3.4164493094E-01   1.2960714720E-05
    1     -5.2340911248E-07   6.1187932995E-01   9.1059982747E-06   1.3296593851E-05  -5.6484500410E-02
    2     -4.6660817156E-05   9.1059982747E-06   1.0435654276E-01   5.8506148231E-02  -3.3824237412E-06
    3     -3.4164493094E-01   1.3296593851E-05   5.8506148231E-02   3.5820390352E-01  -1.4343898948E-05
    4      1.2960714720E-05  -5.6484500410E-02  -3.3824237412E-06  -1.4343898948E-05   4.7557116080E-02
    5      7.0498903149E-02  -3.4868556682E-06  -3.6651474294E-02  -6.6000329609E-02   3.4179642154E-06
    6     -1.2777236873E-01   1.2348392560E-01  -2.9228099502E-02  -7.8177752399E-03   2.4820246404E-02
    7      1.2347936960E-01  -2.7037449917E-01   5.0634077900E-02  -3.3684238710E-03   4.5651737199E-03
    8     -3.5221340148E-02   6.1015491145E-02  -3.6631535820E-02   4.2242914670E-03  -7.0274924326E-03
    9     -1.6337738506E-02   3.3726940486E-07   1.1830096589E-05  -1.8324733964E-03  -1.8834253603E-07
   10      3.3819404979E-07  -1.6337719662E-02   9.7448368319E-06   5.9306173002E-08   5.2818847847E-06
   11      1.1619759178E-05  -5.7741454174E-07   1.0975377329E-01  -5.6275635376E-04   3.5787656851E-07
   12     -1.2779718737E-01  -1.2349711914E-01  -2.9237545840E-02  -7.8198059437E-03  -2.4818601909E-02
   13     -1.2349222661E-01  -2.7034501586E-01  -5.0639517103E-02   3.3694664940E-03   4.5670768459E-03
   14     -3.5232785562E-02  -6.1020960013E-02  -3.6635857601E-02   4.2251773829E-03   7.0271612620E-03
   15      1.6726509604E-03   8.2412231205E-08  -9.9344918626E-06   9.0809520335E-04  -7.2697843768E-08
   16      8.1505584278E-08   1.6726539862E-03  -1.0027792324E-05  -5.0602934449E-08  -2.0995508944E-04
   17     -9.7369915620E-06   4.2885871646E-07  -1.0418249055E-01  -3.8983507203E-04  -6.2343322904E-08
                    5                  6                  7                  8                  9        
    0      7.0498903149E-02  -1.2777236873E-01   1.2347936960E-01  -3.5221340148E-02  -1.6337738506E-02
    1     -3.4868556682E-06   1.2348392560E-01  -2.7037449917E-01   6.1015491145E-02   3.3726940486E-07
    2     -3.6651474294E-02  -2.9228099502E-02   5.0634077900E-02  -3.6631535820E-02   1.1830096589E-05
    3     -6.6000329609E-02  -7.8177752399E-03  -3.3684238710E-03   4.2242914670E-03  -1.8324733964E-03
    4      3.4179642154E-06   2.4820246404E-02   4.5651737199E-03  -7.0274924326E-03  -1.8834253603E-07
    5      3.8006128622E-02  -8.1936687629E-03   1.4527225841E-04   5.3556459443E-03   1.1642893761E-02
    6     -8.1936687629E-03   1.2521552292E-01  -1.3451780374E-01   3.2973708765E-02  -4.5580950503E-04
    7      1.4527225841E-04  -1.3451780374E-01   2.8056342119E-01  -5.7117832353E-02   7.9539849326E-04
    8      5.3556459443E-03   3.2973708765E-02  -5.7117832353E-02   3.7986225469E-02  -5.8229529511E-03
    9      1.1642893761E-02  -4.5580950503E-04   7.9539849326E-04  -5.8229529511E-03   2.4816652616E-02
   10     -1.0367020299E-06   7.9793062380E-04  -1.3743204772E-03   1.0083971150E-02  -1.2264423063E-07
   11     -1.5349996210E-02   2.8061658531E-04  -4.9082408332E-04  -1.5348758627E-02  -5.7434674928E-06
   12     -8.1945638454E-03   1.0760343381E-02   1.4092971060E-02   3.9705007284E-03  -4.5597842277E-04
   13     -1.4460105062E-04  -1.4095764392E-02  -1.4014220566E-02  -7.1682647577E-03  -7.9541996383E-04
   14      5.3559912435E-03   3.9709032291E-03   7.1672194336E-03   5.3547235821E-03  -5.8238486520E-03
   15      2.4694188779E-04   7.1727629499E-05  -4.8323760751E-04  -1.2309439595E-04  -5.7351233226E-03
   16      4.3559963328E-07  -4.8562135352E-04   6.2974965083E-04   2.1425534948E-04  -4.5335268942E-09
   17      3.2840545861E-03   1.9519293687E-04  -3.3557989243E-04   3.2840499971E-03  -2.1805836871E-06
                   10                 11                 12                 13                 14        
    0      3.3819404979E-07   1.1619759178E-05  -1.2779718737E-01  -1.2349222661E-01  -3.5232785562E-02
    1     -1.6337719662E-02  -5.7741454174E-07  -1.2349711914E-01  -2.7034501586E-01  -6.1020960013E-02
    2      9.7448368319E-06   1.0975377329E-01  -2.9237545840E-02  -5.0639517103E-02  -3.6635857601E-02
    3      5.9306173002E-08  -5.6275635376E-04  -7.8198059437E-03   3.3694664940E-03   4.2251773829E-03
    4      5.2818847847E-06   3.5787656851E-07  -2.4818601909E-02   4.5670768459E-03   7.0271612620E-03
    5     -1.0367020299E-06  -1.5349996210E-02  -8.1945638454E-03  -1.4460105062E-04   5.3559912435E-03
    6      7.9793062380E-04   2.8061658531E-04   1.0760343381E-02  -1.4095764392E-02   3.9709032291E-03
    7     -1.3743204772E-03  -4.9082408332E-04   1.4092971060E-02  -1.4014220566E-02   7.1672194336E-03
    8      1.0083971150E-02  -1.5348758627E-02   3.9705007284E-03  -7.1682647577E-03   5.3547235821E-03
    9     -1.2264423063E-07  -5.7434674928E-06  -4.5597842277E-04  -7.9541996383E-04  -5.8238486520E-03
   10      2.4816646391E-02   5.7175044376E-07  -7.9820044283E-04  -1.3738648403E-03  -1.0084071605E-02
   11      5.7175044376E-07  -3.6000248035E-02   2.8055249244E-04   4.9130901288E-04  -1.5348199834E-02
   12     -7.9820044283E-04   2.8055249244E-04   1.2524244982E-01   1.3453240555E-01   3.2984667578E-02
   13     -1.3738648403E-03   4.9130901288E-04   1.3453240555E-01   2.8053171232E-01   5.7123669887E-02
   14     -1.0084071605E-02  -1.5348199834E-02   3.2984667578E-02   5.7123669887E-02   3.7989649251E-02
   15     -5.3130232438E-09  -1.9987924346E-06   7.1819240191E-05   4.8326513937E-04  -1.2299967823E-04
   16     -5.7351233113E-03  -8.2330501142E-07   4.8562797614E-04   6.2961154878E-04  -2.1314555796E-04
   17     -9.1781710923E-06  -2.7727968252E-02   1.9504157400E-04   3.3507039895E-04   3.2840458376E-03
                   15                 16                 17        
     0      1.6726509604E-03   8.1505584278E-08  -9.7369915620E-06
     1      8.2412231205E-08   1.6726539862E-03   4.2885871646E-07
     2     -9.9344918626E-06  -1.0027792324E-05  -1.0418249055E-01
     3      9.0809520335E-04  -5.0602934449E-08  -3.8983507203E-04
     4     -7.2697843768E-08  -2.0995508944E-04  -6.2343322904E-08
     5      2.4694188779E-04   4.3559963328E-07   3.2840545861E-03
     6      7.1727629499E-05  -4.8562135352E-04   1.9519293687E-04
     7     -4.8323760751E-04   6.2974965083E-04  -3.3557989243E-04
     8     -1.2309439595E-04   2.1425534948E-04   3.2840499971E-03
     9     -5.7351233226E-03  -4.5335268942E-09  -2.1805836871E-06
    10     -5.3130232438E-09  -5.7351233113E-03  -9.1781710923E-06
    11     -1.9987924346E-06  -8.2330501142E-07  -2.7727968252E-02
    12      7.1819240191E-05   4.8562797614E-04   1.9504157400E-04
    13      4.8326513937E-04   6.2961154878E-04   3.3507039895E-04
    14     -1.2299967823E-04  -2.1314555796E-04   3.2840458376E-03
    15      3.0111186776E-03  -3.2458988007E-08   1.1085891063E-05
    16     -3.2458988007E-08   3.0111175810E-03   9.3031740924E-06
    17      1.1085891063E-05   9.3031740924E-06   1.2206969535E-01

$vibrational_frequencies
18
    0        0.000000
    1        0.000000
    2        0.000000
    3        0.000000
    4        0.000000
    5        0.000000
    6    -1214.332958
    7      380.668560
    8      380.683536
    9      517.128283
   10      970.500799
   11      970.510903
   12     1230.465897
   13     1465.228034
   14     1465.242288
   15     3128.737860
   16     3294.671655
   17     3294.692482

$normal_modes
18 18
                    0                  1                  2                  3                  4        
    0      0.0000000000E+00   0.0000000000E+00   0.0000000000E+00   0.0000000000E+00   0.0000000000E+00
    1      0.0000000000E+00   0.0000000000E+00   0.0000000000E+00   0.0000000000E+00   0.0000000000E+00
    2      0.0000000000E+00   0.0000000000E+00   0.0000000000E+00   0.0000000000E+00   0.0000000000E+00
    3      0.0000000000E+00   0.0000000000E+00   0.0000000000E+00   0.0000000000E+00   0.0000000000E+00
    4      0.0000000000E+00   0.0000000000E+00   0.0000000000E+00   0.0000000000E+00   0.0000000000E+00
    5      0.0000000000E+00   0.0000000000E+00   0.0000000000E+00   0.0000000000E+00   0.0000000000E+00
    6      0.0000000000E+00   0.0000000000E+00   0.0000000000E+00   0.0000000000E+00   0.0000000000E+00
    7      0.0000000000E+00   0.0000000000E+00   0.0000000000E+00   0.0000000000E+00   0.0000000000E+00
    8      0.0000000000E+00   0.0000000000E+00   0.0000000000E+00   0.0000000000E+00   0.0000000000E+00
    9      0.0000000000E+00   0.0000000000E+00   0.0000000000E+00   0.0000000000E+00   0.0000000000E+00
   10      0.0000000000E+00   0.0000000000E+00   0.0000000000E+00   0.0000000000E+00   0.0000000000E+00
   11      0.0000000000E+00   0.0000000000E+00   0.0000000000E+00   0.0000000000E+00   0.0000000000E+00
   12      0.0000000000E+00   0.0000000000E+00   0.0000000000E+00   0.0000000000E+00   0.0000000000E+00
   13      0.0000000000E+00   0.0000000000E+00   0.0000000000E+00   0.0000000000E+00   0.0000000000E+00
   14      0.0000000000E+00   0.0000000000E+00   0.0000000000E+00   0.0000000000E+00   0.0000000000E+00
   15      0.0000000000E+00   0.0000000000E+00   0.0000000000E+00   0.0000000000E+00   0.0000000000E+00
   16      0.0000000000E+00   0.0000000000E+00   0.0000000000E+00   0.0000000000E+00   0.0000000000E+00
   17      0.0000000000E+00   0.0000000000E+00   0.0000000000E+00   0.0000000000E+00   0.0000000000E+00
                    5                  6                  7                  8                  9        
    0      0.0000000000E+00  -1.2218718634E-05   1.3318748654E-02   3.0531119780E-02  -2.8719561975E-05
    1      0.0000000000E+00   4.4818444133E-07   3.0532514321E-02  -1.3318447014E-02  -4.0856591096E-05
    2      0.0000000000E+00  -1.2804243873E-01  -5.5810406296E-05   2.1950448172E-05  -3.1720801880E-01
    3      0.0000000000E+00   3.5355895130E-02  -3.8912430338E-02  -8.9195300271E-02  -2.9503728204E-02
    4      0.0000000000E+00  -5.4726522638E-06  -1.0249372103E-01   4.4683510351E-02   5.2938782056E-05
    5      0.0000000000E+00   1.1621347892E-01  -2.5662658984E-01  -5.8817448635E-01  -4.9936084252E-01
    6      0.0000000000E+00  -1.7657765084E-02  -4.9047837212E-02  -9.6548889448E-02   1.4679800494E-02
    7      0.0000000000E+00   3.0624483914E-02  -9.4984795469E-02   3.4574816294E-02  -2.5476161385E-02
    8      0.0000000000E+00   1.1622798215E-01  -3.8119604065E-01   5.1632894813E-01  -4.9903167753E-01
    9      0.0000000000E+00   9.3198565253E-05   2.3581642129E-01   5.4060124268E-01  -2.8099442731E-05
   10      0.0000000000E+00   1.0285859908E-05   5.4059854378E-01  -2.3582496653E-01  -2.0627286516E-04
   11      0.0000000000E+00   9.6917386916E-01  -9.5376934649E-05  -2.3323802128E-05  -3.5081346472E-01
   12      0.0000000000E+00  -1.7660536672E-02  -3.7422986275E-02  -1.0168401494E-01   1.4674521359E-02
   13      0.0000000000E+00  -3.0629527964E-02  -8.9963895970E-02   4.6128730714E-02   2.5564087631E-02
   14      0.0000000000E+00   1.1622362562E-01   6.3762008638E-01   7.1967015523E-02  -4.9970025564E-01
   15      0.0000000000E+00   4.2086014343E-07  -7.6520498376E-03  -1.7541751107E-02   1.4776647925E-05
   16      0.0000000000E+00  -1.4527556592E-07  -1.7541742867E-02   7.6520824621E-03   1.5701340236E-05
   17      0.0000000000E+00   5.9102491777E-03   2.7378309546E-05  -1.0227218082E-05   1.6003393236E-01
                   10                 11                 12                 13                 14        
    0     -5.4272180063E-02  -4.3855158505E-02  -1.2212972781E-05   1.1086715764E-02   8.2883101421E-02
    1     -4.3853183989E-02   5.4269669663E-02   4.6766637528E-06  -8.2886899208E-02   1.1086844180E-02
    2      9.8098467069E-06  -4.8689109079E-07  -1.3957871574E-01  -2.8711313368E-06  -6.3986239998E-06
    3      2.6265867351E-02   2.1213233754E-02   1.2207851486E-01   1.4002549095E-02   1.0434428747E-01
    4      3.8027691241E-02  -4.7081440891E-02  -1.8811847655E-05   7.8154605821E-01  -1.0458827191E-01
    5      3.5772541242E-01   2.8902819373E-01   5.0366629949E-01   2.2531508936E-02   1.6827797599E-01
    6      4.9183445210E-02   2.4786279328E-02  -6.0971032899E-02   3.0864017605E-01  -6.1142799238E-01
    7      3.4450865669E-02  -2.4135884526E-02   1.0566873458E-01   6.5795710442E-02  -3.9924233372E-01
    8      7.1524961083E-02  -4.5436378697E-01   5.0366725961E-01  -1.5702043914E-01  -6.4595424282E-02
    9      6.3696688396E-01   5.1470298574E-01  -3.5523339397E-05   3.0282846322E-03   2.2650412344E-02
   10      5.1470884066E-01  -6.3696282704E-01  -7.8207928996E-05  -2.2606670415E-02   3.0253615111E-03
   11     -6.9028136344E-05  -3.2743255727E-05  -4.1775908133E-01   2.1929385322E-06   1.8694606879E-05
   12      3.4542861873E-02   4.2880024903E-02  -6.0979850553E-02  -4.5852026329E-01  -5.0873282323E-01
   13      1.6377206251E-02  -3.8743606193E-02  -1.0568470042E-01   1.6849008001E-01   3.6795282576E-01
   14     -4.2916127516E-01   1.6519749526E-01   5.0368422597E-01   1.3451994901E-01  -1.0359426756E-01
   15     -2.8508610309E-03  -2.3035250926E-03   1.5187735537E-06   2.1140791996E-05   1.5802650135E-04
   16     -2.3036845334E-03   2.8507078779E-03   1.6280170486E-06  -1.5841912627E-04   2.1187269486E-05
   17     -3.8940805281E-06   5.0223116615E-06   1.6203852464E-02   2.8423937344E-08  -8.7385329066E-07
                   15                 16                 17        
     0     -8.7195811000E-07  -2.8982327143E-04  -9.8087372983E-02
     1      3.4051307294E-07  -9.8086124413E-02   2.8985590988E-04
     2     -2.5975995522E-02  -1.7230555983E-06   7.8773234787E-06
     3     -5.6758760728E-01   2.3112887915E-03   7.9559725792E-01
     4      2.6514956959E-05  -1.1998912432E-02  -1.9192134100E-06
     5      1.0431184602E-01  -4.7838519089E-04  -1.6448895234E-01
     6      2.8377364940E-01  -3.4914258339E-01   1.9092314619E-01
     7     -4.9154793266E-01   5.9272310760E-01  -3.5145309208E-01
     8      1.0422080678E-01  -1.4211152029E-01   8.2602396396E-02
     9     -1.1945661708E-06  -2.6511963480E-05  -8.8824449438E-03
    10     -1.3421388470E-06  -8.8848735220E-03   2.5990198697E-05
    11     -1.6365613984E-02  -2.6377283088E-07   8.5544413986E-06
    12      2.8382462764E-01   3.5030471680E-01   1.8892723082E-01
    13      4.9151747633E-01   5.9471201184E-01   3.4798173348E-01
    14      1.0423982866E-01   1.4261085547E-01   8.1788773358E-02
    15      2.6008876559E-08   1.8564824560E-07   6.2892432089E-05
    16      3.4859723728E-08   6.2863401367E-05  -1.8597635318E-07
    17      3.7287563271E-04  -4.4026267557E-09  -1.3179606907E-07

#
# The atoms: label  mass x y z (in bohrs)
#
$atoms
6
 C     12.01100      0.000103950702     0.000030735243     3.681955603917
 H      1.00800     -2.004086616770     0.000123562199     4.093060217846
 H      1.00800      1.002168062241    -1.735740322635     4.092751815117
 H      1.00800     -0.000134374790     0.000080579810     1.082878592359
 H      1.00800      1.002343747729     1.735685147528     4.092816165949
 Cl    35.45300     -0.000390989660    -0.000179702145    -1.652986629681

$actual_temperature
  0.000000

$frequency_scale_factor
  1.000000

$dipole_derivatives
18
    2.1423163799E-02    1.4371055376E-06    4.7589280362E-05
    1.4335244976E-06    2.1423209225E-02    1.7098577301E-06
    4.5867808766E-05    3.6819177602E-05    5.1303718236E-01
    1.0954534751E-02    1.6594097232E-06   -2.0246042331E-02
    1.7822229905E-06    7.3448000325E-02    3.3720239066E-07
    2.8760529104E-02   -7.3904444135E-06   -1.9810449273E-02
    5.7862286984E-02    2.6965439099E-02    1.0159653172E-02
    2.7062792338E-02    2.6566647807E-02   -1.7689106422E-02
   -1.4386577782E-02    2.4900197600E-02   -1.9809684960E-02
    9.7946878255E-02    7.5413126958E-07   -2.4795831238E-05
    7.5577372124E-07    9.7946801594E-02   -1.6136082239E-06
   -1.8130826960E-05   -1.6620273548E-05   -9.5605900138E-02
    5.7857017997E-02   -2.6969164997E-02    1.0162505189E-02
   -2.7066708123E-02    2.6574775716E-02    1.7690577312E-02
   -1.4391460245E-02   -2.4914728972E-02   -1.9808924119E-02
   -2.4603278146E-01   -7.1529739455E-08   -1.1426799934E-05
   -7.1339331874E-08   -2.4603280619E-01   -2.5024250302E-06
   -1.0216947703E-05    1.7365321463E-06   -3.5790772253E-01

#
# The IR spectrum
#  wavenumber T**2 TX TY  TY
#
$ir_spectrum
18
      0.00       0.0000       0.0000       0.0000       0.0000
      0.00       0.0000       0.0000       0.0000       0.0000
      0.00       0.0000       0.0000       0.0000       0.0000
      0.00       0.0000       0.0000       0.0000       0.0000
      0.00       0.0000       0.0000       0.0000       0.0000
      0.00       0.0000       0.0000       0.0000       0.0000
  -1214.33       0.0000       0.0000       0.0000       0.0000
    380.67       0.4399       0.2651       0.6080      -0.0010
    380.68       0.4397       0.6077      -0.2652      -0.0000
    517.13       7.8145      -0.0003       0.0001      -2.7954
    970.50      10.4484       2.5143       2.0315      -0.0003
    970.51      10.4475       2.0316      -2.5140      -0.0003
   1230.47       4.4355      -0.0003      -0.0006      -2.1061
   1465.23       4.8884      -0.2936       2.1914       0.0002
   1465.24       4.9030      -2.1948      -0.2931       0.0022
   3128.74       0.2632       0.0005      -0.0001       0.5130
   3294.67       0.0026       0.0001       0.0511       0.0000
   3294.69       0.0025       0.0497      -0.0002       0.0037


$end

