
$orca_hessian_file

$act_atom
  0

$act_coord
  0

$act_energy
       -0.000000

$hessian
15
                    0                  1                  2                  3                  4        
    0      5.7022292000E-01  -3.9935825083E-10  -1.4278748576E-10  -1.4255645317E-01  -9.4558534336E-02
    1     -3.9935825083E-10   5.7022291998E-01   1.3571634399E-10  -9.4558534578E-02  -1.4255645340E-01
    2     -1.4278748576E-10   1.3571634399E-10   5.7022291963E-01   9.4558535013E-02   9.4558535012E-02
    3     -1.4255645317E-01  -9.4558534578E-02   9.4558535013E-02   1.5042563462E-01   1.0346531303E-01
    4     -9.4558534336E-02  -1.4255645340E-01   9.4558535012E-02   1.0346531303E-01   1.5042563460E-01
    5      9.4558534391E-02   9.4558534575E-02  -1.4255645353E-01  -1.0346531240E-01  -1.0346531239E-01
    6     -1.4255645344E-01   9.4558534829E-02   9.4558534691E-02  -1.0704301466E-02   1.2257205216E-02
    7      9.4558534828E-02  -1.4255645345E-01  -9.4558534697E-02  -1.2257205157E-02   1.3540145842E-02
    8      9.4558534795E-02  -9.4558534799E-02  -1.4255645292E-01   8.9052022491E-03  -1.2257205079E-02
    9     -1.4255645310E-01   9.4558534481E-02  -9.4558534551E-02   1.3540145719E-02  -1.2257205294E-02
   10      9.4558534486E-02  -1.4255645309E-01   9.4558534547E-02   1.2257205333E-02  -1.0704301329E-02
   11     -9.4558534470E-02   9.4558534473E-02  -1.4255645277E-01  -1.2257205204E-02   8.9052021090E-03
   12     -1.4255645341E-01  -9.4558534331E-02  -9.4558535013E-02  -1.0704302430E-02  -8.9052031367E-03
   13     -9.4558534575E-02  -1.4255645316E-01  -9.4558534998E-02  -8.9052031489E-03  -1.0704302430E-02
   14     -9.4558534573E-02  -9.4558534384E-02  -1.4255645354E-01   1.2257204866E-02   1.2257204871E-02
                    5                  6                  7                  8                  9        
    0      9.4558534391E-02  -1.4255645344E-01   9.4558534828E-02   9.4558534795E-02  -1.4255645310E-01
    1      9.4558534575E-02   9.4558534829E-02  -1.4255645345E-01  -9.4558534799E-02   9.4558534481E-02
    2     -1.4255645353E-01   9.4558534691E-02  -9.4558534697E-02  -1.4255645292E-01  -9.4558534551E-02
    3     -1.0346531240E-01  -1.0704301466E-02  -1.2257205157E-02   8.9052022491E-03   1.3540145719E-02
    4     -1.0346531239E-01   1.2257205216E-02   1.3540145842E-02  -1.2257205079E-02  -1.2257205294E-02
    5      1.5042563378E-01   8.9052019698E-03   1.2257205327E-02  -1.0704301452E-02   1.2257205429E-02
    6      8.9052019698E-03   1.5042563284E-01  -1.0346531148E-01  -1.0346531222E-01  -1.0704300493E-02
    7      1.2257205327E-02  -1.0346531148E-01   1.5042563285E-01   1.0346531223E-01   8.9052011076E-03
    8     -1.0704301452E-02  -1.0346531222E-01   1.0346531223E-01   1.5042563346E-01  -1.2257205385E-02
    9      1.2257205429E-02  -1.0704300493E-02   8.9052011076E-03  -1.2257205385E-02   1.5042563249E-01
   10      8.9052018697E-03   8.9052011068E-03  -1.0704300491E-02   1.2257205387E-02  -1.0346531111E-01
   11     -1.0704301350E-02   1.2257205401E-02  -1.2257205402E-02   1.3540145652E-02   1.0346531187E-01
   12     -1.2257204870E-02   1.3540145844E-02   1.2257205214E-02   1.2257205078E-02  -1.0704301327E-02
   13     -1.2257204864E-02  -1.2257205160E-02  -1.0704301467E-02  -8.9052022565E-03   1.2257205334E-02
   14      1.3540145829E-02  -1.2257205329E-02  -8.9052019708E-03  -1.0704301453E-02  -8.9052018705E-03
                   10                 11                 12                 13                 14        
    0      9.4558534486E-02  -9.4558534470E-02  -1.4255645341E-01  -9.4558534575E-02  -9.4558534573E-02
    1     -1.4255645309E-01   9.4558534473E-02  -9.4558534331E-02  -1.4255645316E-01  -9.4558534384E-02
    2      9.4558534547E-02  -1.4255645277E-01  -9.4558535013E-02  -9.4558534998E-02  -1.4255645354E-01
    3      1.2257205333E-02  -1.2257205204E-02  -1.0704302430E-02  -8.9052031489E-03   1.2257204866E-02
    4     -1.0704301329E-02   8.9052021090E-03  -8.9052031367E-03  -1.0704302430E-02   1.2257204871E-02
    5      8.9052018697E-03  -1.0704301350E-02  -1.2257204870E-02  -1.2257204864E-02   1.3540145829E-02
    6      8.9052011068E-03   1.2257205401E-02   1.3540145844E-02  -1.2257205160E-02  -1.2257205329E-02
    7     -1.0704300491E-02  -1.2257205402E-02   1.2257205214E-02  -1.0704301467E-02  -8.9052019708E-03
    8      1.2257205387E-02   1.3540145652E-02   1.2257205078E-02  -8.9052022565E-03  -1.0704301453E-02
    9     -1.0346531111E-01   1.0346531187E-01  -1.0704301327E-02   1.2257205334E-02  -8.9052018705E-03
   10      1.5042563248E-01  -1.0346531187E-01  -1.2257205297E-02   1.3540145719E-02  -1.2257205426E-02
   11     -1.0346531187E-01   1.5042563311E-01  -8.9052021083E-03   1.2257205203E-02  -1.0704301348E-02
   12     -1.2257205297E-02  -8.9052021083E-03   1.5042563461E-01   1.0346531303E-01   1.0346531239E-01
   13      1.3540145719E-02   1.2257205203E-02   1.0346531303E-01   1.5042563462E-01   1.0346531239E-01
   14     -1.2257205426E-02  -1.0704301348E-02   1.0346531239E-01   1.0346531239E-01   1.5042563378E-01

$vibrational_frequencies
15
    0        0.000000
    1        0.000000
    2        0.000000
    3        0.000000
    4        0.000000
    5        0.000000
    6     1373.999453
    7     1373.999456
    8     1373.999457
    9     1598.855169
   10     1598.855171
   11     3076.605364
   12     3206.271075
   13     3206.271076
   14     3206.271078

$normal_modes
15 15
                    0                  1                  2                  3                  4        
    0      0.0000000000E+00   0.0000000000E+00   0.0000000000E+00   0.0000000000E+00   0.0000000000E+00
    1      0.0000000000E+00   0.0000000000E+00   0.0000000000E+00   0.0000000000E+00   0.0000000000E+00
    2      0.0000000000E+00   0.0000000000E+00   0.0000000000E+00   0.0000000000E+00   0.0000000000E+00
    3      0.0000000000E+00   0.0000000000E+00   0.0000000000E+00   0.0000000000E+00   0.0000000000E+00
    4      0.0000000000E+00   0.0000000000E+00   0.0000000000E+00   0.0000000000E+00   0.0000000000E+00
    5      0.0000000000E+00   0.0000000000E+00   0.0000000000E+00   0.0000000000E+00   0.0000000000E+00
    6      0.0000000000E+00   0.0000000000E+00   0.0000000000E+00   0.0000000000E+00   0.0000000000E+00
    7      0.0000000000E+00   0.0000000000E+00   0.0000000000E+00   0.0000000000E+00   0.0000000000E+00
    8      0.0000000000E+00   0.0000000000E+00   0.0000000000E+00   0.0000000000E+00   0.0000000000E+00
    9      0.0000000000E+00   0.0000000000E+00   0.0000000000E+00   0.0000000000E+00   0.0000000000E+00
   10      0.0000000000E+00   0.0000000000E+00   0.0000000000E+00   0.0000000000E+00   0.0000000000E+00
   11      0.0000000000E+00   0.0000000000E+00   0.0000000000E+00   0.0000000000E+00   0.0000000000E+00
   12      0.0000000000E+00   0.0000000000E+00   0.0000000000E+00   0.0000000000E+00   0.0000000000E+00
   13      0.0000000000E+00   0.0000000000E+00   0.0000000000E+00   0.0000000000E+00   0.0000000000E+00
   14      0.0000000000E+00   0.0000000000E+00   0.0000000000E+00   0.0000000000E+00   0.0000000000E+00
                    5                  6                  7                  8                  9        
    0      0.0000000000E+00   2.6810971985E-04   8.7063978882E-02  -8.9260746128E-02  -5.5202341864E-12
    1      0.0000000000E+00   1.2247714678E-03   8.9254807508E-02   8.7061865203E-02   6.8694989418E-12
    2      0.0000000000E+00   1.2468406939E-01  -1.0639646377E-03  -6.6327010544E-04  -4.7235543312E-09
    3      0.0000000000E+00  -2.3103625064E-01  -9.0922247243E-02   4.2949792635E-01   2.0073435320E-01
    4      0.0000000000E+00  -2.3567013376E-01  -1.0153419435E-01  -4.2457445554E-01   2.0749529006E-01
    5      0.0000000000E+00  -3.7420773891E-01  -3.2564506920E-01   6.0764911028E-03   4.0822964303E-01
    6      0.0000000000E+00  -2.3560439119E-01  -4.2382242710E-01   1.0477692349E-01  -2.0073433869E-01
    7      0.0000000000E+00   2.2837316563E-01  -4.3023142736E-01  -9.4125972721E-02   2.0749527551E-01
    8      0.0000000000E+00  -3.6963964896E-01   7.2551110795E-03   3.3079749409E-01  -4.0822961495E-01
    9      0.0000000000E+00   2.2943891737E-01  -4.2779077392E-01   1.0230307648E-01   2.0073433880E-01
   10      0.0000000000E+00  -2.3667014312E-01  -4.2626308049E-01  -9.1652125516E-02  -2.0749527563E-01
   11      0.0000000000E+00  -3.7320778032E-01  -9.1618260573E-04  -3.2684583861E-01  -4.0822961481E-01
   12      0.0000000000E+00   2.3400701628E-01  -9.4890593755E-02   4.2702407937E-01  -2.0073435323E-01
   13      0.0000000000E+00   2.2937313298E-01  -1.0550254084E-01  -4.2704830232E-01  -2.0749529002E-01
   14      0.0000000000E+00  -3.6863963083E-01   3.3198399714E-01  -2.1248358327E-03   4.0822964303E-01
                   10                 11                 12                 13                 14        
    0      9.0674017553E-12   1.3451258366E-09   6.4825990206E-02  -6.1884608517E-02   2.2223037645E-02
    1     -1.3068817635E-11  -1.3471768486E-09   6.5753758653E-02   6.1061934512E-02  -2.1768338389E-02
    2     -3.2167779239E-11   9.8788169102E-09   1.0674652172E-04  -3.1108078730E-02  -8.6938214942E-02
    3      3.5548894354E-01  -2.8867510672E-01  -4.0173150241E-01  -1.0855860532E-01  -2.7330450757E-01
    4     -3.5158551476E-01  -2.8867510723E-01  -4.0154688656E-01  -8.4093578927E-02  -2.8205831347E-01
    5      3.9034287998E-03   2.8867510507E-01   4.1465241166E-01   9.0054069855E-02   2.6042688808E-01
    6     -3.5548894352E-01   2.8867515400E-01   1.6187261059E-02   2.7953982285E-01  -4.1165999587E-01
    7     -3.5158551487E-01  -2.8867515401E-01   9.7966904918E-03  -2.7970352605E-01   4.1175047611E-01
    8     -3.9034286377E-03  -2.8867515541E-01  -3.2663518091E-03  -2.9804435663E-01   3.9878238061E-01
    9      3.5548894351E-01  -2.8867517057E-01   1.5508799810E-02   4.7725700051E-01   1.4090320911E-01
   10      3.5158551493E-01   2.8867517055E-01   1.0475151752E-02  -4.7742070370E-01  -1.4081272889E-01
   11     -3.9034285660E-03  -2.8867517248E-01   2.6303733583E-03   4.8338119634E-01   1.1918130769E-01
   12     -3.5548894364E-01   2.8867510725E-01  -4.0240996358E-01   8.9158639992E-02   2.7925880906E-01
   13      3.5158551486E-01   2.8867510674E-01  -4.0222534773E-01   1.1362366640E-01   2.7050500315E-01
   14      3.9034287872E-03   2.8867510510E-01  -4.1528839003E-01   9.5282834114E-02   2.5753690345E-01

#
# The atoms: label  mass x y z (in bohrs)
#
$atoms
5
 C     12.01100      0.000000000015    -0.000000000004     0.000000000002
 H      1.00800     -1.186781301159    -1.186781301165     1.186781301153
 H      1.00800      1.186781301135    -1.186781301155    -1.186781301161
 H      1.00800     -1.186781301144     1.186781301150    -1.186781301156
 H      1.00800      1.186781301154     1.186781301174     1.186781301162

$actual_temperature
  0.000000

$frequency_scale_factor
  1.000000

$dipole_derivatives
15
   -3.0619524574E-02   -5.2479092406E-09    1.6031583825E-09
   -5.2361951364E-09   -3.0619524586E-02   -1.6105625849E-09
    5.9568130943E-10   -5.7949840656E-10   -3.0619525132E-02
    7.6242726526E-03   -6.2558882857E-02    6.2558879834E-02
   -6.2558884760E-02    7.6242745511E-03    6.2558879758E-02
    6.2558885576E-02    6.2558885359E-02    7.6242799064E-03
    7.6242746941E-03    6.2558886086E-02    6.2558891866E-02
    6.2558886093E-02    7.6242747001E-03   -6.2558891856E-02
    6.2558884404E-02   -6.2558884400E-02    7.6242691767E-03
    7.6242739179E-03    6.2558886876E-02   -6.2558893576E-02
    6.2558886871E-02    7.6242739175E-03    6.2558893570E-02
   -6.2558885224E-02    6.2558885222E-02    7.6242673927E-03
    7.6242745422E-03   -6.2558884755E-02   -6.2558879744E-02
   -6.2558882864E-02    7.6242726515E-03   -6.2558879835E-02
   -6.2558885364E-02   -6.2558885586E-02    7.6242799071E-03

#
# The IR spectrum
#  wavenumber T**2 TX TY  TY
#
$ir_spectrum
15
      0.00       0.0000       0.0000       0.0000       0.0000
      0.00       0.0000       0.0000       0.0000       0.0000
      0.00       0.0000       0.0000       0.0000       0.0000
      0.00       0.0000       0.0000       0.0000       0.0000
      0.00       0.0000       0.0000       0.0000       0.0000
      0.00       0.0000       0.0000       0.0000       0.0000
   1374.00      14.3026      -0.0081      -0.0371      -3.7817
   1374.00      14.3026      -2.6407      -2.7071       0.0323
   1374.00      14.3026       2.7073      -2.6406       0.0201
   1598.86       0.0000      -0.0000       0.0000       0.0000
   1598.86       0.0000      -0.0000       0.0000       0.0000
   3076.61       0.0000       0.0000      -0.0000       0.0000
   3206.27      16.2790       2.8326       2.8732       0.0047
   3206.27      16.2790      -2.7041       2.6682      -1.3593
   3206.27      16.2790       0.9711      -0.9512      -3.7989


$end

